#1
39
C
C
N
C
N
C
C
C
C
C
C
C
N
C
C
C
C
C
C
C
C
C
C
C
C
C
C
O
C
C
C
C
C
C
C
C
C
O
N
42
0 3 1
1 2 3
1 3 1
3 4 1
4 17 1
5 6 2
5 10 1
6 7 1
7 8 2
7 37 1
8 9 1
9 10 2
10 38 1
11 12 3
11 14 1
13 14 1
14 38 1
15 16 2
15 20 1
16 17 1
17 18 2
18 19 1
19 20 2
20 27 1
21 22 2
21 26 1
21 27 1
22 23 1
23 24 2
24 25 1
24 28 1
25 26 2
28 29 1
28 30 1
28 33 1
31 32 2
31 36 1
32 33 1
33 34 2
34 35 1
35 36 2
36 37 1
#2
34
N
C
C
N
C
S
C
C
O
N
C
C
C
C
C
C
C
C
C
C
C
C
N
C
C
C
C
C
C
C
Cl
C
C
C
37
0 1 1
0 4 2
1 2 2
1 18 1
2 3 1
2 13 1
3 4 1
4 5 1
5 6 1
6 7 1
6 31 1
7 8 2
7 9 1
9 22 1
10 11 2
10 15 1
11 12 1
12 13 2
13 14 1
14 15 2
16 17 2
16 21 1
17 18 1
18 19 2
19 20 1
20 21 2
22 23 2
23 25 1
24 29 2
24 25 1
25 26 2
26 27 1
27 28 2
28 30 1
28 29 1
31 32 1
31 33 1
#3
23
C
N
C
O
C
N
C
C
C
N
C
O
C
N
C
O
C
C
C
C
O
O
O
24
0 1 1
1 2 1
1 8 1
2 3 1
2 5 2
3 4 1
5 6 1
6 7 2
6 13 1
7 9 1
7 8 1
9 10 1
10 11 2
10 12 1
13 14 1
14 15 1
14 19 1
15 16 1
16 17 1
17 18 1
17 22 1
18 20 1
18 19 1
19 21 1
#4
35
C
O
C
C
C
C
C
C
C
C
C
S
C
C
N
C
N
N
C
C
C
C
C
C
C
C
C
C
C
C
C
C
C
Cl
Cl
39
0 1 2
0 2 1
0 10 1
2 3 2
3 4 1
4 5 2
4 9 1
5 6 1
6 7 2
6 33 1
7 8 1
7 34 1
8 9 2
10 11 1
10 12 2
11 15 1
12 13 1
12 14 1
14 15 2
15 16 1
16 17 1
16 20 1
17 18 2
18 19 1
18 22 1
19 20 2
20 27 1
21 26 2
21 22 1
22 23 2
23 24 1
24 25 2
25 26 1
27 28 2
27 32 1
28 29 1
29 30 2
30 31 1
31 32 2
#5
19
C
C
C
C
C
O
O
C
O
C
N
C
N
C
C
C
S
O
O
20
0 1 2
0 5 1
0 7 1
1 2 1
2 3 1
2 8 2
3 4 1
3 9 2
4 6 2
4 5 1
9 10 1
10 11 1
10 15 1
11 12 1
11 16 2
12 13 1
13 14 1
13 17 2
14 15 1
15 18 2
#6
25
C
C
C
C
C
C
O
C
C
C
C
C
C
C
O
C
C
C
C
C
C
C
O
O
O
29
0 1 2
0 5 1
1 2 1
2 3 2
2 9 1
3 4 1
3 6 1
4 5 2
5 24 1
6 7 1
7 8 2
7 10 1
8 13 1
8 9 1
9 14 1
9 17 1
10 11 2
11 12 1
11 23 1
12 13 2
14 15 1
15 16 1
15 22 2
16 21 2
16 17 1
17 18 2
18 19 1
19 20 2
20 21 1
#7
25
C
C
C
C
C
C
C
C
C
C
C
C
N
C
C
O
C
C
C
C
C
O
O
C
C
30
0 1 1
0 5 1
0 6 1
0 11 1
1 2 1
1 10 1
2 3 1
2 16 1
2 17 1
3 4 1
4 5 1
5 15 1
6 7 1
6 18 1
7 8 1
7 20 1
8 9 1
8 21 1
8 24 1
9 10 1
9 11 1
11 12 1
12 13 1
12 16 1
13 14 1
18 19 1
19 23 1
19 20 1
20 22 1
23 24 1
#8
30
C
C
C
C
C
C
O
C
O
O
C
C
C
C
C
C
C
C
C
O
O
C
C
C
C
O
C
C
N
C
34
0 1 2
0 5 1
0 9 1
1 2 1
2 3 2
2 6 1
3 4 1
3 8 1
4 5 2
5 12 1
6 7 1
7 8 1
9 10 1
10 11 1
10 28 1
11 22 1
11 12 1
12 14 1
13 18 2
13 14 1
14 15 2
15 16 1
15 19 1
16 17 2
16 20 1
17 18 1
19 29 1
20 21 1
23 24 1
23 28 1
24 25 1
25 26 1
26 27 1
27 28 1
#9
47
C
C
C
C
C
C
N
C
C
C
C
C
C
C
C
C
C
N
C
C
C
C
C
C
C
C
C
C
C
C
C
C
C
C
C
C
C
C
C
C
C
C
C
C
C
C
Br
46
0 1 1
0 26 1
1 2 1
2 3 1
3 4 1
4 5 1
5 6 1
6 7 1
6 8 1
6 9 1
9 10 1
10 11 2
10 13 1
11 14 1
12 15 1
12 13 2
14 15 2
15 16 1
16 17 1
17 18 1
17 19 1
17 20 1
20 21 1
21 22 1
22 23 1
23 24 1
24 25 1
25 35 1
26 27 1
27 28 1
28 29 1
29 30 1
30 31 1
31 32 1
32 33 1
33 34 1
34 45 1
35 36 1
36 37 1
37 38 1
38 39 1
39 40 1
40 41 1
41 42 1
42 43 1
43 44 1
#10
27
C
C
C
C
C
C
C
C
C
C
C
N
C
C
C
O
C
C
O
O
O
N
O
O
N
O
O
29
0 1 2
0 5 1
1 2 1
1 21 1
2 3 2
3 4 1
3 10 1
4 9 2
4 5 1
5 6 2
6 7 1
7 8 2
7 24 1
8 9 1
9 12 1
10 11 1
10 18 2
11 13 1
11 12 1
12 19 2
13 14 1
14 15 1
14 20 2
15 16 1
16 17 1
21 22 2
21 23 1
24 25 2
24 26 1
