#1
5
C
C
C
C
N
5
0 1 1
0 2 2
1 3 2
2 4 1
3 4 1
#2
5
C
C
C
C
O
5
0 1 1
0 2 2
1 3 2
2 4 1
3 4 1
#3
5
C
C
C
C
S
5
0 1 1
0 2 2
1 3 2
2 4 1
3 4 1
#4
5
C
C
C
N
N
5
0 1 1
0 3 1
1 4 1
2 3 1
2 4 1
#5
5
C
C
C
N
S
5
0 1 1
0 3 1
1 4 1
2 3 1
2 4 1
#6
5
C
C
C
N
N
5
0 1 1
0 2 2
1 4 2
2 3 1
3 4 1
#7
5
C
C
C
O
O
5
0 1 1
0 3 1
1 4 1
2 3 1
2 4 1
#8
5
C
C
C
C
N
5
0 1 1
0 2 1
1 4 1
2 3 2
3 4 1
#9
5
C
C
C
C
C
5
0 1 1
0 2 1
1 3 1
2 4 1
3 4 2
#10
5
C
C
C
N
N
5
0 1 1
0 3 1
1 4 1
2 3 1
2 4 2
#11
5
C
C
C
C
O
5
0 1 1
0 2 1
1 3 1
2 4 1
3 4 1
#12
5
C
C
C
C
N
5
0 1 1
0 2 1
1 3 1
2 4 1
3 4 1
#13
5
C
C
C
C
C
5
0 1 1
0 2 1
1 3 1
2 4 1
3 4 1
#14
5
C
C
C
N
N
5
0 2 2
0 3 1
1 3 1
1 4 2
2 4 1
#15
5
C
C
C
N
S
5
0 1 2
0 3 1
1 4 1
2 3 2
2 4 1
#16
5
C
C
C
C
O
5
0 2 1
0 4 1
1 3 1
1 4 1
2 3 2
#17
6
C
C
C
C
N
O
5
0 1 1
0 2 1
0 4 2
1 3 1
2 5 2
#18
6
C
C
N
C
C
N
5
0 1 1
0 2 2
0 3 1
1 4 2
2 5 1
#19
6
C
C
N
C
C
N
5
0 2 1
0 3 1
0 5 2
1 2 1
1 4 2
#20
6
C
C
N
C
C
O
5
0 1 1
0 2 2
0 3 1
1 4 2
2 5 1
#21
6
C
C
C
N
O
O
5
0 1 1
0 2 1
0 4 2
1 3 1
1 5 2
#22
6
C
C
N
C
C
O
5
0 2 1
0 3 1
0 5 2
1 2 1
1 4 2
#23
6
C
C
N
C
N
N
5
0 2 1
0 3 2
0 4 1
1 2 2
1 5 1
#24
6
C
C
C
C
N
O
5
0 1 1
0 3 1
0 4 1
1 2 1
2 5 1
#25
6
C
C
C
C
N
N
5
0 1 1
0 3 1
0 4 1
1 2 1
2 5 1
#26
6
P
C
C
C
C
C
5
0 1 1
0 3 1
0 4 1
1 2 1
2 5 2
#27
6
C
C
O
C
C
O
5
0 1 1
0 3 1
0 5 1
1 2 1
2 4 1
#28
6
C
C
O
C
C
N
5
0 1 1
0 3 1
0 5 1
1 2 1
2 4 1
#29
6
C
C
N
C
C
N
5
0 1 2
0 2 1
0 5 1
1 3 1
2 4 1
#30
6
C
C
N
N
C
C
5
0 2 1
0 3 1
1 3 2
1 4 1
2 5 1
#31
6
C
C
N
N
C
N
5
0 1 1
0 2 1
1 3 2
2 4 1
3 5 1
#32
6
C
C
S
C
C
C
5
0 2 1
0 3 1
0 5 2
1 2 1
1 4 1
#33
6
C
C
N
C
N
N
5
0 1 1
0 2 1
0 5 2
1 4 1
2 3 1
#34
6
C
C
N
C
N
O
5
0 1 1
0 2 1
0 5 2
1 4 1
2 3 1
#35
6
C
C
C
N
O
O
5
0 1 1
0 3 1
1 4 1
2 3 1
2 5 2
#36
6
C
N
N
C
C
C
5
0 1 1
0 2 1
0 3 1
1 4 1
2 5 1
#37
6
C
C
C
N
O
O
5
0 1 1
0 3 1
0 4 1
1 2 1
2 5 1
#38
6
C
C
C
C
N
O
5
0 1 1
0 2 1
1 5 1
2 3 2
3 4 1
#39
6
C
C
C
N
N
N
5
0 1 1
0 3 1
1 2 2
2 4 1
3 5 1
#40
6
C
C
C
N
N
O
5
0 1 1
0 3 1
1 2 2
2 4 1
3 5 1
#41
6
C
C
C
C
C
O
5
0 1 1
0 2 1
0 3 2
1 5 1
2 4 2
#42
6
C
C
C
C
C
S
5
0 1 1
0 2 1
0 3 2
1 5 1
2 4 2
#43
6
C
C
C
C
C
N
5
0 1 1
0 2 1
0 3 2
1 5 1
2 4 2
#44
6
C
C
C
C
Cl
Cl
5
0 1 1
0 3 2
0 4 1
1 2 2
2 5 1
#45
6
C
C
C
N
C
N
5
0 1 1
0 5 1
1 2 2
2 3 1
3 4 2
#46
6
C
C
C
N
C
O
5
0 1 1
0 5 1
1 2 2
2 3 1
3 4 2
#47
6
C
C
N
C
C
N
5
0 2 1
0 4 2
0 5 1
1 2 2
1 3 1
#48
6
C
C
C
C
N
O
5
0 1 1
0 2 1
0 4 2
1 3 1
2 5 1
#49
6
C
C
C
C
N
O
5
0 1 1
0 2 1
0 3 2
1 4 2
1 5 1
#50
6
C
C
C
C
C
F
5
0 1 1
0 2 2
0 3 1
1 5 1
2 4 1
#51
6
C
C
C
C
C
N
5
0 1 1
0 2 2
0 3 1
1 5 1
2 4 1
#52
6
C
C
C
C
N
S
5
0 1 2
0 2 1
0 4 1
1 3 1
1 5 1
#53
6
C
C
C
C
N
O
5
0 1 2
0 2 1
0 4 1
1 3 1
1 5 1
#54
6
C
C
C
C
N
N
5
0 1 2
0 2 1
0 4 1
1 3 1
1 5 1
#55
6
C
C
C
C
C
Cl
5
0 1 1
0 2 2
0 3 1
1 5 1
2 4 1
#56
6
C
C
C
C
C
S
5
0 1 1
0 2 2
0 3 1
1 5 1
2 4 1
#57
6
C
C
C
C
C
O
5
0 1 1
0 2 2
0 3 1
1 5 1
2 4 1
#58
6
C
C
C
N
C
C
5
0 1 1
0 3 1
1 4 1
2 3 1
2 5 2
#59
6
C
C
C
C
Cl
N
5
0 1 1
0 3 2
0 4 1
1 2 2
2 5 1
#60
6
C
C
C
C
N
O
5
0 1 1
0 2 1
0 3 2
1 4 1
2 5 2
#61
6
C
O
C
C
C
O
5
0 1 1
0 2 1
0 3 1
0 5 1
1 4 1
#62
6
C
C
C
N
O
O
5
0 1 1
0 2 1
0 3 1
1 4 1
1 5 2
#63
6
C
C
C
S
C
N
5
0 1 1
0 3 1
1 5 1
2 3 1
2 4 2
#64
6
N
C
C
C
C
O
5
0 1 1
0 3 1
0 4 1
1 2 1
2 5 1
#65
6
N
C
C
C
C
N
5
0 1 1
0 3 1
0 4 1
1 2 1
2 5 1
#66
6
C
C
N
C
N
O
5
0 1 1
0 4 1
0 5 2
1 2 1
2 3 1
#67
6
N
C
C
C
C
S
5
0 1 1
0 2 1
0 3 1
1 5 1
2 4 2
#68
6
C
C
C
S
C
C
5
0 3 1
0 4 1
1 2 2
1 3 1
2 5 1
#69
6
C
C
C
S
C
N
5
0 3 1
0 4 1
1 2 2
1 3 1
2 5 1
#70
6
C
C
N
C
N
N
5
0 2 1
0 3 2
0 4 1
1 2 1
1 5 1
#71
6
C
C
C
S
C
C
5
0 1 1
0 2 1
1 3 1
2 5 2
3 4 1
#72
6
C
N
N
C
C
C
5
0 1 1
0 2 1
0 4 2
1 3 1
2 5 2
#73
6
C
C
N
N
C
C
5
0 1 1
0 4 1
1 2 2
2 3 1
3 5 2
#74
6
C
C
C
N
O
O
5
0 1 1
0 2 1
0 4 1
1 3 1
2 5 1
#75
6
C
C
O
C
C
O
5
0 1 1
0 2 1
0 4 2
1 5 1
2 3 1
#76
6
C
C
C
C
O
O
5
0 1 1
0 2 1
0 3 2
1 4 2
2 5 2
#77
6
C
C
C
C
C
C
5
0 1 1
0 2 1
0 3 1
0 4 1
1 5 2
#78
6
C
C
C
C
Cl
N
5
0 1 1
0 2 2
1 3 2
2 4 1
3 5 1
#79
6
C
C
C
C
C
O
5
0 1 1
0 2 1
0 3 1
0 4 1
1 5 2
#80
6
N
C
C
C
C
C
5
0 1 1
0 3 1
0 4 1
1 2 1
2 5 1
#81
6
C
C
S
C
N
O
5
0 1 1
0 4 1
0 5 2
1 2 1
2 3 1
#82
6
C
C
N
C
C
C
5
0 1 1
0 3 1
0 5 2
1 2 1
2 4 1
#83
6
C
C
C
C
N
N
5
0 1 1
0 4 1
0 5 2
1 2 2
2 3 1
#84
6
C
C
O
C
C
N
5
0 1 1
0 2 1
0 4 2
1 5 1
2 3 1
#85
6
C
C
N
C
C
O
5
0 1 1
0 3 1
0 5 2
1 2 1
2 4 1
#86
6
C
C
N
C
C
N
5
0 1 1
0 3 1
0 5 2
1 2 1
2 4 1
#87
6
C
C
C
C
N
O
5
0 1 1
0 4 1
0 5 2
1 2 2
2 3 1
#88
6
C
C
C
C
N
O
5
0 1 1
0 5 1
1 2 2
2 3 1
3 4 2
#89
6
C
C
C
C
N
O
5
0 1 1
0 3 2
0 4 1
1 2 1
2 5 1
#90
6
N
C
C
C
O
O
5
0 1 1
0 4 1
0 5 2
1 2 1
2 3 2
#91
6
C
C
C
C
N
N
5
0 1 1
0 3 2
0 4 1
1 2 1
2 5 1
#92
6
C
N
S
C
C
C
5
0 1 2
0 2 1
0 3 1
1 4 1
2 5 1
#93
6
C
C
C
O
C
O
5
0 1 1
0 2 2
1 5 2
2 3 1
3 4 1
#94
6
C
C
C
N
C
O
5
0 1 1
0 2 1
1 3 2
2 4 2
3 5 1
#95
6
C
C
N
C
N
N
5
0 1 2
0 2 1
0 4 1
1 5 1
2 3 2
#96
6
C
C
N
C
C
C
5
0 1 1
0 2 2
0 3 1
1 4 1
2 5 1
#97
6
C
C
O
C
C
O
5
0 2 1
0 3 1
0 5 2
1 2 1
1 4 2
#98
6
C
C
C
C
C
Cl
5
0 1 1
0 3 1
0 4 2
1 2 2
2 5 1
#99
6
C
C
C
C
C
S
5
0 1 1
0 3 1
0 4 2
1 2 2
2 5 1
#100
6
C
C
N
C
C
O
5
0 1 1
0 2 1
0 5 2
1 4 2
2 3 1
#101
6
C
C
N
C
C
N
5
0 1 1
0 2 1
0 5 2
1 4 2
2 3 1
#102
6
C
C
C
C
C
N
5
0 1 1
0 3 1
0 4 2
1 2 2
2 5 1
#103
6
C
C
C
C
C
O
5
0 1 1
0 3 1
0 4 2
1 2 2
2 5 1
#104
6
C
C
C
N
C
N
5
0 1 1
0 4 1
1 2 2
2 3 1
3 5 1
#105
6
C
C
C
N
C
O
5
0 1 1
0 4 1
1 2 2
2 3 1
3 5 1
#106
6
C
C
C
N
C
C
5
0 1 1
0 4 1
1 2 2
2 3 1
3 5 1
#107
6
C
C
C
N
C
N
5
0 1 1
0 2 1
1 3 2
2 4 2
3 5 1
#108
6
C
C
C
N
C
O
5
0 1 1
0 2 2
1 4 2
2 3 1
3 5 2
#109
6
C
C
C
N
C
C
5
0 1 1
0 2 2
1 4 2
2 3 1
3 5 2
#110
6
C
C
C
C
C
N
5
0 1 1
0 3 1
0 5 1
1 2 1
2 4 1
#111
6
C
C
C
C
C
O
5
0 1 1
0 3 1
0 5 1
1 2 1
2 4 1
#112
6
C
C
C
N
C
N
5
0 1 1
0 2 2
1 4 2
2 3 1
3 5 2
#113
6
C
C
C
C
C
S
5
0 1 1
0 3 1
0 5 1
1 2 1
2 4 1
#114
6
C
C
C
S
C
O
5
0 1 1
0 2 2
1 4 2
2 3 1
3 5 2
#115
6
C
C
C
S
C
N
5
0 1 1
0 2 1
1 3 1
2 5 1
3 4 1
#116
6
C
C
C
S
C
O
5
0 1 1
0 2 1
1 3 1
2 5 1
3 4 1
#117
6
C
C
O
C
O
O
5
0 1 1
0 2 1
0 5 2
1 4 1
2 3 1
#118
6
C
C
C
C
Cl
Cl
5
0 2 2
0 3 1
0 4 1
1 2 1
1 5 1
#119
6
C
C
C
C
Cl
N
5
0 2 2
0 3 1
0 4 1
1 2 1
1 5 1
#120
6
C
N
C
C
N
S
5
0 1 1
0 4 2
0 5 1
1 2 1
1 3 1
#121
6
C
C
C
S
C
C
5
0 1 1
0 2 1
1 3 1
2 4 1
3 5 1
#122
6
C
C
C
C
C
N
5
0 1 1
0 2 1
0 4 2
1 3 1
2 5 3
#123
6
C
C
C
N
N
O
5
0 1 1
0 2 1
1 3 2
2 5 2
3 4 1
#124
6
N
C
N
C
C
O
5
0 1 1
0 2 1
0 3 1
1 5 2
2 4 1
#125
6
C
C
C
C
N
O
5
0 1 1
0 4 1
0 5 2
1 2 1
2 3 2
#126
6
C
C
C
C
N
N
5
0 1 1
0 4 1
0 5 2
1 2 1
2 3 2
#127
6
C
C
N
C
N
N
5
0 1 1
0 2 1
0 5 2
1 3 1
2 4 1
#128
6
C
C
C
N
N
O
5
0 1 1
0 3 1
1 5 1
2 3 1
2 4 1
#129
6
C
C
N
C
N
O
5
0 1 1
0 2 1
0 5 2
1 3 1
2 4 1
#130
6
C
C
C
C
N
O
5
0 1 1
0 4 2
0 5 1
1 2 2
2 3 1
#131
6
C
C
C
N
C
S
5
0 3 1
0 5 1
1 2 2
1 3 1
2 4 1
#132
6
C
C
C
O
C
C
5
0 1 1
0 2 2
1 5 2
2 3 1
3 4 1
#133
6
C
N
N
C
C
N
5
0 1 1
0 2 1
0 5 2
1 3 1
2 4 2
#134
6
C
C
O
C
C
C
5
0 2 1
0 3 1
0 4 1
1 2 1
1 5 2
#135
6
C
C
C
P
C
C
5
0 3 1
0 4 1
1 2 2
1 3 1
2 5 1
#136
6
C
C
C
C
C
C
5
0 1 1
0 2 1
0 3 1
1 4 2
2 5 2
#137
6
C
C
C
N
C
C
5
0 1 1
0 2 1
1 3 1
2 4 2
3 5 2
#138
6
C
C
C
N
N
N
5
0 1 2
0 3 1
1 4 1
2 3 2
2 5 1
#139
6
P
C
C
C
C
C
5
0 1 1
0 2 1
0 3 1
1 4 1
2 5 2
#140
6
C
C
N
C
N
N
5
0 1 2
0 2 1
0 3 1
1 4 1
2 5 2
#141
6
C
C
C
S
C
O
5
0 1 1
0 2 1
1 3 1
2 5 2
3 4 1
#142
6
C
C
C
O
O
O
5
0 1 1
0 2 2
0 3 1
1 4 1
2 5 1
#143
6
C
C
O
C
C
O
5
0 2 1
0 3 1
0 4 1
1 2 1
1 5 2
#144
6
C
C
C
C
C
N
5
0 1 1
0 2 1
0 3 1
1 5 1
2 4 2
#145
6
C
C
C
C
C
O
5
0 1 1
0 2 1
0 3 1
1 5 1
2 4 2
#146
6
C
C
C
C
C
O
5
0 1 1
0 2 1
0 5 2
1 3 1
2 4 1
#147
6
C
C
C
C
O
O
5
0 1 1
0 2 1
0 3 1
1 4 1
1 5 2
#148
6
C
C
N
S
C
C
5
0 1 1
0 2 1
1 3 1
2 4 1
3 5 1
#149
6
C
C
C
C
O
O
5
0 1 1
0 2 1
0 5 2
1 4 1
2 3 2
#150
6
C
C
C
C
C
C
5
0 1 1
0 2 1
0 5 2
1 3 1
2 4 1
#151
6
S
C
C
C
O
O
5
0 1 1
0 4 2
0 5 2
1 2 1
2 3 1
#152
6
C
C
C
C
C
N
5
0 1 1
0 2 1
0 5 2
1 3 1
2 4 1
#153
6
S
C
C
C
N
O
5
0 1 1
0 4 1
0 5 2
1 2 1
2 3 2
#154
6
C
C
C
N
O
O
5
0 1 1
0 3 1
1 4 2
2 3 1
2 5 2
#155
6
C
C
C
C
C
N
5
0 1 1
0 2 2
1 4 2
2 3 1
3 5 3
#156
6
C
C
C
C
C
N
5
0 2 2
0 3 1
0 5 1
1 2 1
1 4 1
#157
6
C
C
C
C
C
Cl
5
0 2 2
0 3 1
0 5 1
1 2 1
1 4 1
#158
6
C
C
C
C
C
O
5
0 2 2
0 3 1
0 5 1
1 2 1
1 4 1
#159
6
C
C
C
C
N
O
5
0 1 1
0 3 1
0 4 2
1 2 1
2 5 1
#160
6
C
C
C
C
O
O
5
0 1 1
0 3 2
0 4 1
1 2 2
2 5 1
#161
6
C
C
C
C
C
O
5
0 1 1
0 2 1
0 3 1
1 4 2
2 5 2
#162
6
C
C
N
C
N
N
5
0 1 2
0 4 1
0 5 1
1 2 1
2 3 2
#163
6
C
C
N
N
C
C
5
0 1 1
0 2 1
1 4 1
2 3 2
3 5 1
#164
6
C
C
C
C
N
N
5
0 1 2
0 2 1
0 3 1
1 4 1
2 5 3
#165
6
C
C
S
C
C
C
5
0 1 1
0 2 1
0 4 2
1 5 2
2 3 1
#166
6
C
C
S
C
C
O
5
0 1 1
0 2 1
0 4 2
1 5 2
2 3 1
#167
6
C
C
C
S
C
N
5
0 3 1
0 5 1
1 2 2
1 3 1
2 4 1
#168
6
C
C
C
C
N
N
5
0 1 1
0 2 1
1 3 2
2 5 2
3 4 1
#169
6
C
C
C
C
N
N
5
0 1 1
0 2 1
0 4 2
1 3 1
2 5 2
#170
6
C
C
C
C
N
O
5
0 1 1
0 2 1
1 3 2
2 5 2
3 4 1
#171
6
N
C
N
C
C
N
5
0 1 1
0 3 1
0 5 1
1 2 1
2 4 1
#172
6
C
C
N
N
C
C
5
0 1 1
0 2 1
1 3 2
2 4 1
3 5 1
#173
6
C
C
C
C
N
N
5
0 1 1
0 2 2
0 4 1
1 5 2
2 3 1
#174
6
C
C
C
C
N
O
5
0 1 1
0 2 2
0 4 1
1 5 2
2 3 1
#175
6
N
C
C
C
N
N
5
0 1 1
0 2 1
0 4 1
1 3 1
2 5 1
#176
6
N
C
S
C
C
C
5
0 1 1
0 3 1
0 4 1
1 2 1
2 5 1
#177
6
S
C
C
C
N
O
5
0 1 1
0 4 1
0 5 2
1 2 2
2 3 1
#178
6
C
C
C
C
C
S
5
0 2 2
0 3 1
0 5 1
1 2 1
1 4 1
#179
6
C
C
N
N
C
N
5
0 2 1
0 3 1
1 2 1
1 5 2
3 4 2
#180
6
C
C
C
C
N
O
5
0 1 1
0 2 1
0 5 1
1 3 1
2 4 1
#181
6
N
C
C
C
C
N
5
0 1 1
0 2 1
0 3 1
1 4 1
2 5 1
#182
6
N
C
C
C
C
O
5
0 1 1
0 2 1
0 3 1
1 4 1
2 5 1
#183
6
N
C
C
C
C
S
5
0 1 1
0 2 1
0 3 1
1 4 1
2 5 1
#184
6
C
C
C
S
C
C
5
0 1 1
0 2 2
1 5 2
2 3 1
3 4 1
#185
6
N
C
C
C
C
N
5
0 1 1
0 3 1
0 5 1
1 2 2
2 4 1
#186
6
C
C
N
C
C
C
5
0 2 1
0 3 1
0 4 1
1 2 1
1 5 1
#187
6
C
C
N
C
C
N
5
0 2 1
0 3 1
0 4 1
1 2 1
1 5 1
#188
6
C
C
N
C
C
O
5
0 2 1
0 3 1
0 4 1
1 2 1
1 5 1
#189
6
C
C
C
S
C
O
5
0 1 1
0 2 2
1 5 2
2 3 1
3 4 1
#190
6
C
C
C
C
O
O
5
0 2 2
0 3 1
0 4 1
1 2 1
1 5 1
#191
6
C
C
S
C
C
N
5
0 1 2
0 2 1
0 3 1
1 4 1
2 5 1
#192
6
C
C
N
C
N
N
5
0 2 2
0 3 1
0 4 1
1 2 1
1 5 2
#193
6
C
C
S
C
C
C
5
0 1 2
0 2 1
0 3 1
1 4 1
2 5 1
#194
6
C
C
C
C
O
O
5
0 1 1
0 2 2
0 4 1
1 3 2
1 5 1
#195
6
C
C
S
C
C
O
5
0 1 2
0 2 1
0 3 1
1 4 1
2 5 1
#196
6
C
C
N
C
N
N
5
0 1 1
0 2 2
0 4 1
1 3 1
2 5 1
#197
6
C
N
N
C
C
O
5
0 1 1
0 3 1
0 5 2
1 2 1
2 4 2
#198
6
C
C
N
C
C
N
5
0 1 2
0 2 1
0 3 1
1 5 1
2 4 1
#199
6
C
C
C
C
N
O
5
0 1 1
0 2 2
0 3 1
1 5 2
2 4 1
#200
6
C
C
C
C
N
N
5
0 1 1
0 2 2
0 3 1
1 5 2
2 4 1
#201
6
C
C
C
C
C
N
5
0 1 1
0 2 1
1 3 1
2 4 1
3 5 2
#202
6
C
C
C
C
C
O
5
0 1 1
0 2 1
1 3 1
2 4 1
3 5 2
#203
6
C
C
N
N
O
O
5
0 2 1
0 3 1
0 4 2
1 2 1
1 5 2
#204
6
C
C
N
C
C
S
5
0 1 2
0 2 1
0 3 1
1 5 1
2 4 1
#205
6
C
C
C
N
C
N
5
0 1 1
0 4 1
1 3 2
2 3 1
2 5 2
#206
6
C
C
C
N
C
C
5
0 1 1
0 4 1
1 3 2
2 3 1
2 5 2
#207
6
C
N
C
C
C
N
5
0 1 1
0 4 2
0 5 1
1 2 1
1 3 1
#208
6
C
C
N
N
C
C
5
0 2 1
0 4 1
1 2 2
1 3 1
3 5 2
#209
6
C
C
N
S
C
C
5
0 2 2
0 3 1
1 3 1
1 5 2
2 4 1
#210
6
C
C
C
N
N
N
5
0 1 1
0 2 2
1 3 2
2 4 1
3 5 1
#211
6
C
C
C
C
C
N
5
0 1 1
0 2 1
0 3 2
1 4 2
2 5 3
#212
6
C
C
C
N
N
O
5
0 1 1
0 3 1
1 5 2
2 3 2
2 4 1
#213
6
C
C
C
N
N
N
5
0 1 1
0 3 1
1 5 2
2 3 2
2 4 1
#214
6
C
C
N
O
C
C
5
0 1 1
0 3 1
1 2 2
2 4 1
3 5 1
#215
6
C
C
N
S
C
C
5
0 1 2
0 3 1
1 4 1
2 3 1
2 5 1
#216
6
C
C
C
S
N
O
5
0 1 1
0 3 1
1 5 2
2 3 1
2 4 2
#217
6
C
C
C
O
C
C
5
0 1 1
0 3 1
1 4 1
2 3 1
2 5 2
#218
6
S
N
C
C
O
O
5
0 1 1
0 2 1
0 4 2
0 5 2
1 3 1
#219
6
C
C
C
O
C
N
5
0 1 1
0 3 1
1 4 1
2 3 1
2 5 2
#220
6
C
C
C
O
C
O
5
0 1 1
0 3 1
1 4 1
2 3 1
2 5 2
#221
6
C
C
N
N
C
O
5
0 2 1
0 3 1
1 2 1
1 5 1
3 4 1
#222
6
C
C
N
N
C
N
5
0 2 1
0 3 1
1 2 1
1 5 1
3 4 1
#223
6
C
C
C
O
N
O
5
0 1 1
0 3 1
1 5 1
2 3 1
2 4 1
#224
6
C
C
O
C
C
C
5
0 1 2
0 2 1
0 3 1
1 4 1
2 5 1
#225
6
C
C
C
O
C
O
5
0 3 1
0 4 1
1 2 2
1 3 1
2 5 1
#226
6
C
C
N
C
C
N
5
0 2 1
0 3 1
0 5 1
1 2 1
1 4 1
#227
6
C
C
C
O
C
C
5
0 3 1
0 4 1
1 2 2
1 3 1
2 5 1
#228
6
C
C
N
C
C
O
5
0 2 1
0 3 1
0 5 1
1 2 1
1 4 1
#229
6
C
C
C
N
C
N
5
0 1 1
0 4 1
1 2 2
2 3 1
3 5 2
#230
6
C
C
C
N
C
O
5
0 1 1
0 4 1
1 2 2
2 3 1
3 5 2
#231
6
C
C
O
C
C
C
5
0 1 1
0 3 1
0 4 1
1 2 1
2 5 1
#232
6
C
C
C
N
C
C
5
0 1 1
0 4 1
1 2 2
2 3 1
3 5 2
#233
6
C
N
O
C
C
O
5
0 1 1
0 2 1
0 5 2
1 3 1
2 4 1
#234
6
C
C
N
S
C
C
5
0 1 1
0 2 1
1 5 2
2 3 1
3 4 1
#235
6
C
C
C
C
O
O
5
0 1 1
0 3 1
0 5 2
1 2 2
2 4 1
#236
6
C
C
C
C
C
C
5
0 1 1
0 2 1
1 3 1
2 4 1
3 5 2
#237
6
C
C
C
N
C
N
5
0 1 1
0 3 2
1 5 2
2 3 1
2 4 2
#238
6
C
C
C
C
N
O
5
0 1 1
0 3 1
0 4 1
1 2 1
2 5 2
#239
6
C
N
S
C
C
N
5
0 1 1
0 2 1
0 5 2
1 3 1
2 4 1
#240
6
C
C
N
C
C
N
5
0 1 2
0 2 1
0 3 1
1 4 1
2 5 1
#241
6
C
C
N
C
C
O
5
0 1 2
0 2 1
0 3 1
1 4 1
2 5 1
#242
6
C
C
C
C
O
O
5
0 1 1
0 3 2
0 4 1
1 2 1
2 5 1
#243
6
C
C
N
N
N
O
5
0 2 1
0 3 1
0 5 2
1 2 1
1 4 1
#244
6
C
C
C
N
N
N
5
0 1 1
0 2 2
0 3 1
1 4 1
2 5 1
#245
6
C
C
C
C
O
O
5
0 1 1
0 3 1
0 5 2
1 2 1
2 4 1
#246
6
C
C
N
C
C
O
5
0 1 2
0 2 1
0 3 1
1 4 1
2 5 2
#247
6
C
C
N
C
C
C
5
0 1 2
0 2 1
0 3 1
1 4 1
2 5 2
#248
6
C
C
N
C
C
N
5
0 1 2
0 2 1
0 3 1
1 4 1
2 5 2
#249
6
C
C
C
C
O
O
5
0 1 1
0 3 2
0 4 1
1 2 1
2 5 2
#250
6
C
C
N
C
C
C
5
0 2 2
0 3 1
0 4 1
1 2 1
1 5 1
#251
6
N
C
C
C
C
N
5
0 1 1
0 3 1
0 5 1
1 2 1
2 4 2
#252
6
C
C
N
S
C
C
5
0 2 1
0 5 2
1 2 2
1 3 1
3 4 1
#253
6
C
C
C
C
O
O
5
0 1 1
0 2 1
0 4 1
1 3 1
2 5 1
#254
6
C
C
C
N
O
O
5
0 1 1
0 3 1
1 4 1
2 3 1
2 5 1
#255
6
C
C
N
C
C
N
5
0 2 2
0 3 1
0 4 1
1 2 1
1 5 1
#256
6
N
C
N
C
C
C
5
0 1 1
0 3 1
0 4 1
1 2 2
2 5 1
#257
6
C
C
N
C
O
O
5
0 1 1
0 4 1
0 5 2
1 2 1
2 3 1
#258
6
C
C
C
C
O
O
5
0 1 2
0 3 1
0 4 1
1 2 1
2 5 2
#259
6
C
C
C
N
C
S
5
0 2 1
0 3 1
1 3 1
1 5 1
2 4 2
#260
6
C
C
C
N
C
N
5
0 2 1
0 3 1
1 3 1
1 5 1
2 4 2
#261
6
C
C
C
N
C
O
5
0 2 1
0 3 1
1 3 1
1 5 1
2 4 2
#262
6
C
C
C
C
C
N
5
0 1 1
0 4 1
1 2 2
2 3 1
3 5 3
#263
6
C
C
C
C
C
N
5
0 1 1
0 3 1
1 2 2
2 4 1
3 5 3
#264
6
C
N
N
C
C
C
5
0 2 2
0 3 1
0 4 1
1 2 1
1 5 1
#265
6
C
C
C
N
C
O
5
0 1 1
0 2 2
1 4 2
2 3 1
3 5 1
#266
6
C
C
C
N
C
N
5
0 1 1
0 2 2
1 4 2
2 3 1
3 5 1
#267
6
N
C
C
C
C
S
5
0 1 1
0 3 1
0 4 1
1 2 2
2 5 1
#268
6
N
C
C
C
C
N
5
0 1 1
0 3 1
0 4 1
1 2 2
2 5 1
#269
6
N
C
C
C
C
C
5
0 1 1
0 3 1
0 4 1
1 2 2
2 5 1
#270
6
C
C
C
N
N
O
5
0 1 1
0 2 1
1 3 1
2 5 2
3 4 1
#271
6
C
C
N
N
C
N
5
0 1 1
0 5 1
1 3 2
2 3 1
2 4 1
#272
6
C
C
S
C
C
C
5
0 1 2
0 3 1
0 4 1
1 2 1
2 5 1
#273
6
C
C
N
S
C
C
5
0 3 1
0 4 1
1 2 2
1 3 1
2 5 1
#274
6
C
C
C
C
O
O
5
0 1 1
0 2 1
0 4 1
0 5 1
1 3 1
#275
6
C
C
C
N
C
N
5
0 1 1
0 3 1
1 2 2
2 5 1
3 4 2
#276
6
C
C
N
S
C
C
5
0 2 1
0 3 1
1 2 1
1 4 1
3 5 1
#277
6
C
C
C
C
O
O
5
0 1 2
0 2 1
0 4 1
1 3 1
1 5 1
#278
6
C
C
N
N
C
C
5
0 2 2
0 3 1
1 2 1
1 4 2
3 5 2
#279
6
C
C
N
C
C
C
5
0 1 1
0 3 1
0 4 2
1 2 1
2 5 2
#280
6
C
C
C
C
C
C
5
0 1 1
0 3 1
0 5 2
1 2 1
2 4 1
#281
6
C
C
C
C
C
O
5
0 1 1
0 3 1
0 5 2
1 2 1
2 4 1
#282
6
C
C
C
C
C
N
5
0 1 1
0 3 1
0 5 2
1 2 1
2 4 1
#283
6
C
C
N
S
C
C
5
0 2 1
0 3 1
1 3 1
1 5 2
2 4 1
#284
6
C
C
C
C
N
O
5
0 1 1
0 3 2
0 4 1
1 2 1
2 5 2
#285
6
C
C
C
C
C
O
5
0 1 1
0 4 2
0 5 1
1 2 1
2 3 1
#286
6
C
C
C
C
C
N
5
0 1 1
0 4 2
0 5 1
1 2 1
2 3 1
#287
6
C
C
C
C
C
S
5
0 1 1
0 4 2
0 5 1
1 2 1
2 3 1
#288
6
C
C
C
C
N
N
5
0 1 1
0 2 1
1 3 1
2 4 1
3 5 2
#289
6
C
C
C
C
N
O
5
0 1 1
0 2 1
1 3 1
2 4 1
3 5 2
#290
6
C
C
C
C
N
N
5
0 1 1
0 2 1
0 3 2
1 4 1
2 5 2
#291
6
C
C
N
N
C
C
5
0 1 1
0 2 1
1 4 1
2 3 1
3 5 1
#292
6
C
C
C
N
C
N
5
0 1 1
0 2 1
1 5 1
2 3 2
3 4 1
#293
6
C
C
C
N
C
O
5
0 1 1
0 2 1
1 5 1
2 3 2
3 4 1
#294
6
C
C
C
N
C
O
5
0 1 1
0 3 1
1 5 1
2 3 1
2 4 2
#295
6
C
C
C
N
C
S
5
0 1 1
0 3 1
1 5 1
2 3 1
2 4 2
#296
6
C
C
C
N
C
N
5
0 1 1
0 3 1
1 5 1
2 3 1
2 4 2
#297
6
C
C
N
C
N
N
5
0 1 1
0 2 2
0 3 1
1 4 1
2 5 1
#298
6
C
C
N
C
N
N
5
0 2 1
0 4 1
0 5 2
1 2 1
1 3 2
#299
6
C
C
N
C
N
S
5
0 2 1
0 4 1
0 5 2
1 2 1
1 3 2
#300
6
C
C
N
C
N
O
5
0 2 1
0 4 1
0 5 2
1 2 1
1 3 2
#301
6
C
C
N
C
C
O
5
0 1 1
0 2 2
0 3 1
1 4 1
2 5 1
#302
6
C
C
N
C
N
O
5
0 1 1
0 4 1
0 5 2
1 2 1
2 3 2
#303
6
C
C
N
C
C
N
5
0 1 1
0 2 2
0 3 1
1 4 1
2 5 1
#304
6
C
C
C
O
C
O
5
0 1 1
0 5 1
1 2 2
2 3 1
3 4 1
#305
6
C
C
C
O
C
N
5
0 1 1
0 5 1
1 2 2
2 3 1
3 4 1
#306
6
C
C
C
N
N
O
5
0 1 1
0 2 1
0 4 2
1 3 1
1 5 2
#307
6
C
C
C
C
C
S
5
0 1 1
0 2 1
1 3 2
2 4 2
3 5 1
#308
6
C
C
C
C
Br
C
5
0 1 1
0 2 2
1 3 2
2 4 1
3 5 1
#309
6
C
C
C
C
C
N
5
0 1 1
0 2 1
1 3 2
2 4 2
3 5 1
#310
6
N
C
N
C
C
N
5
0 1 1
0 3 1
0 5 1
1 2 2
2 4 1
#311
6
N
C
C
C
C
C
5
0 1 1
0 2 1
0 3 1
1 4 1
2 5 1
#312
6
C
C
C
C
C
Cl
5
0 1 1
0 2 1
1 3 2
2 4 2
3 5 1
#313
6
C
C
C
C
C
O
5
0 1 1
0 2 1
1 3 2
2 4 2
3 5 1
#314
6
C
C
C
N
N
O
5
0 1 1
0 4 1
1 2 2
2 3 1
3 5 1
#315
6
C
C
C
Br
C
C
5
0 1 2
0 3 1
0 4 1
1 2 1
2 5 2
#316
6
C
C
C
C
N
O
5
0 1 1
0 3 1
0 4 2
1 2 1
2 5 2
#317
6
C
C
C
C
O
O
5
0 1 1
0 4 1
0 5 2
1 2 1
2 3 2
#318
6
N
C
C
C
C
O
5
0 1 1
0 2 1
0 3 1
1 5 1
2 4 2
#319
6
N
C
C
C
C
N
5
0 1 1
0 2 1
0 3 1
1 5 1
2 4 2
#320
6
C
C
C
C
N
N
5
0 1 2
0 2 1
0 3 1
1 4 1
1 5 1
#321
6
C
C
C
O
C
O
5
0 2 1
0 3 1
1 3 1
1 4 1
2 5 2
#322
6
C
C
C
O
C
N
5
0 2 1
0 3 1
1 3 1
1 4 1
2 5 2
#323
6
C
C
C
N
O
O
5
0 1 1
0 3 1
0 5 2
1 2 1
2 4 1
#324
6
C
C
N
N
C
N
5
0 2 1
0 3 2
1 3 1
1 4 2
2 5 1
#325
6
C
C
N
C
C
S
5
0 1 1
0 4 2
0 5 1
1 2 1
2 3 1
#326
6
C
C
N
C
C
O
5
0 1 1
0 4 2
0 5 1
1 2 1
2 3 1
#327
6
C
C
N
N
C
N
5
0 2 1
0 5 2
1 3 2
1 4 1
2 3 1
#328
6
C
C
C
N
N
N
5
0 1 1
0 3 1
1 4 1
2 3 2
2 5 1
#329
6
C
C
N
N
C
O
5
0 2 1
0 5 2
1 3 2
1 4 1
2 3 1
#330
6
C
C
N
C
N
N
5
0 2 1
0 3 1
0 5 2
1 2 1
1 4 1
#331
6
C
C
N
N
C
C
5
0 2 1
0 5 2
1 3 2
1 4 1
2 3 1
#332
6
C
C
N
N
C
S
5
0 2 1
0 5 2
1 3 2
1 4 1
2 3 1
#333
6
N
C
C
C
N
O
5
0 1 1
0 2 1
0 3 1
1 4 2
2 5 2
#334
6
C
C
N
C
C
N
5
0 1 1
0 4 2
0 5 1
1 2 1
2 3 1
#335
6
C
C
C
C
C
C
5
0 1 1
0 2 2
0 3 1
1 5 2
2 4 1
#336
6
C
C
N
C
C
N
5
0 1 1
0 2 1
0 3 2
1 4 2
2 5 1
#337
6
C
C
N
C
N
O
5
0 2 1
0 3 1
0 5 2
1 2 1
1 4 1
#338
6
C
C
N
C
C
O
5
0 1 1
0 2 1
0 3 2
1 4 2
2 5 1
#339
6
C
C
N
C
C
N
5
0 2 1
0 3 1
0 4 2
1 2 2
1 5 1
#340
6
C
C
N
C
C
O
5
0 2 1
0 3 1
0 4 2
1 2 2
1 5 1
#341
6
C
C
C
C
Br
C
5
0 1 1
0 4 1
1 2 2
2 3 1
3 5 2
#342
6
N
C
C
C
C
C
5
0 1 1
0 3 1
0 5 2
1 2 2
2 4 1
#343
6
C
C
C
C
N
O
5
0 1 1
0 2 2
0 3 1
1 4 2
2 5 1
#344
6
C
C
C
N
C
O
5
0 2 2
0 3 1
1 3 2
1 4 1
2 5 1
#345
6
C
C
C
C
O
O
5
0 1 1
0 2 2
0 4 1
1 3 2
2 5 1
#346
6
C
C
C
C
Cl
N
5
0 2 1
0 4 1
1 3 1
1 5 1
2 3 2
#347
6
C
N
C
C
C
O
5
0 1 1
0 2 1
0 5 1
1 3 1
1 4 1
#348
6
C
C
C
C
Cl
O
5
0 2 1
0 4 1
1 3 1
1 5 1
2 3 2
#349
6
C
C
N
C
C
S
5
0 2 1
0 3 1
0 4 2
1 2 2
1 5 1
#350
6
C
C
N
O
C
C
5
0 3 1
0 4 1
1 2 2
1 5 1
2 3 1
#351
6
C
C
C
O
C
C
5
0 2 1
0 3 1
1 3 1
1 4 1
2 5 2
#352
6
C
C
C
C
N
N
5
0 2 2
0 4 1
0 5 1
1 2 1
1 3 1
#353
6
C
C
C
C
N
O
5
0 2 2
0 4 1
0 5 1
1 2 1
1 3 1
#354
6
N
C
C
C
C
S
5
0 1 1
0 3 1
0 4 1
1 2 1
2 5 1
#355
6
C
C
C
C
Cl
N
5
0 2 2
0 3 1
0 5 1
1 2 1
1 4 1
#356
6
C
C
C
C
N
S
5
0 1 1
0 2 2
0 4 1
1 5 1
2 3 1
#357
6
C
C
C
C
N
O
5
0 1 1
0 2 2
0 4 1
1 5 1
2 3 1
#358
6
C
C
S
C
C
C
5
0 2 1
0 3 1
0 4 2
1 2 1
1 5 2
#359
6
C
C
C
C
N
N
5
0 1 1
0 2 2
0 4 1
1 5 1
2 3 1
#360
6
C
C
S
C
C
N
5
0 2 1
0 3 1
0 4 2
1 2 1
1 5 2
#361
6
C
C
C
C
O
O
5
0 1 1
0 2 1
1 3 1
2 4 1
3 5 2
#362
6
C
C
C
C
N
N
5
0 1 1
0 2 1
0 5 2
1 4 1
2 3 2
#363
6
C
C
C
C
N
O
5
0 1 1
0 2 1
0 5 2
1 4 1
2 3 2
#364
6
C
C
N
C
C
N
5
0 2 1
0 4 2
0 5 1
1 2 1
1 3 1
#365
6
C
C
N
N
C
N
5
0 2 1
0 5 1
1 2 2
1 3 1
3 4 2
#366
6
C
C
C
N
C
N
5
0 2 2
0 3 1
1 3 2
1 4 1
2 5 1
#367
6
C
C
C
C
N
N
5
0 1 1
0 3 2
0 4 1
1 2 2
2 5 1
#368
6
C
C
C
C
N
O
5
0 1 1
0 3 2
0 4 1
1 2 2
2 5 1
#369
6
C
C
N
N
C
C
5
0 2 1
0 3 1
1 2 1
1 4 2
3 5 2
#370
6
S
C
C
N
O
O
5
0 1 1
0 3 1
0 4 2
0 5 2
1 2 2
#371
6
C
C
N
S
C
C
5
0 2 1
0 4 1
1 3 1
1 5 1
2 3 1
#372
6
C
N
C
C
C
C
5
0 1 1
0 2 1
0 3 1
0 4 1
1 5 1
#373
6
C
C
C
C
C
O
5
0 1 1
0 2 1
0 5 1
1 3 1
1 4 2
#374
6
C
C
C
C
C
N
5
0 1 1
0 2 1
0 5 1
1 3 1
1 4 2
#375
6
C
C
N
N
C
C
5
0 1 1
0 2 1
1 4 2
2 3 1
3 5 2
#376
6
C
C
C
C
C
N
5
0 1 1
0 2 2
0 3 1
1 5 2
2 4 1
#377
6
C
C
C
C
C
O
5
0 1 1
0 2 2
0 3 1
1 5 2
2 4 1
#378
6
C
C
N
N
C
N
5
0 2 1
0 5 1
1 3 2
1 4 1
2 3 1
#379
6
C
C
O
C
C
O
5
0 2 1
0 3 1
0 4 2
1 2 1
1 5 2
#380
6
C
C
O
C
C
C
5
0 2 1
0 3 1
0 4 2
1 2 1
1 5 2
#381
6
C
C
S
C
C
N
5
0 1 1
0 4 2
0 5 1
1 2 1
2 3 1
#382
6
C
C
C
O
C
O
5
0 1 1
0 2 1
1 3 1
2 5 1
3 4 1
#383
6
C
C
C
O
C
N
5
0 1 1
0 2 1
1 3 1
2 5 1
3 4 1
#384
6
C
C
C
C
Cl
N
5
0 1 1
0 3 2
0 5 1
1 2 2
2 4 1
#385
6
C
C
N
C
C
C
5
0 1 2
0 2 1
0 3 1
1 4 1
2 5 1
#386
6
C
C
C
C
O
O
5
0 1 1
0 2 2
0 4 1
1 5 1
2 3 1
#387
6
C
C
N
O
C
C
5
0 2 1
0 3 1
1 3 1
1 4 1
2 5 1
#388
6
C
C
O
O
C
C
5
0 2 1
0 3 1
1 2 1
1 4 1
3 5 1
#389
6
C
C
C
C
O
O
5
0 1 1
0 2 1
0 3 1
1 4 1
2 5 1
#390
6
C
C
C
N
C
C
5
0 3 1
0 4 1
1 2 2
1 3 1
2 5 1
#391
6
C
C
C
N
C
N
5
0 3 1
0 4 1
1 2 2
1 3 1
2 5 1
#392
6
C
C
C
N
C
S
5
0 3 1
0 4 1
1 2 2
1 3 1
2 5 1
#393
6
C
C
C
C
C
S
5
0 1 1
0 2 2
0 5 1
1 4 2
2 3 1
#394
6
C
C
C
C
C
O
5
0 1 1
0 2 2
0 5 1
1 4 2
2 3 1
#395
6
C
C
C
C
C
O
5
0 1 1
0 2 1
0 3 1
0 5 1
1 4 2
#396
6
C
C
C
C
C
P
5
0 1 1
0 2 2
0 5 1
1 4 2
2 3 1
#397
6
C
C
C
C
C
N
5
0 1 1
0 2 2
0 5 1
1 4 2
2 3 1
#398
6
C
C
N
C
C
N
5
0 2 1
0 3 2
0 5 1
1 2 1
1 4 2
#399
6
C
C
C
C
C
F
5
0 1 1
0 2 2
0 5 1
1 4 2
2 3 1
#400
6
C
C
C
C
N
O
5
0 1 1
0 2 2
0 4 1
1 3 2
2 5 1
#401
6
C
C
C
C
N
N
5
0 1 1
0 2 2
0 4 1
1 3 2
2 5 1
#402
6
C
C
C
C
N
S
5
0 1 1
0 2 2
0 4 1
1 3 2
2 5 1
#403
6
C
C
C
C
C
Cl
5
0 1 1
0 2 2
0 5 1
1 4 2
2 3 1
#404
6
C
C
C
C
N
O
5
0 1 1
0 2 2
0 5 1
1 3 2
2 4 1
#405
6
C
C
C
C
N
S
5
0 1 1
0 2 2
0 5 1
1 3 2
2 4 1
#406
6
C
C
C
C
N
S
5
0 2 2
0 3 1
0 4 1
1 2 1
1 5 1
#407
6
C
C
C
C
N
O
5
0 1 1
0 2 1
0 3 2
1 4 2
2 5 2
#408
6
C
C
C
C
N
O
5
0 1 1
0 3 1
0 5 2
1 2 1
2 4 2
#409
6
C
C
C
C
N
O
5
0 2 2
0 3 1
0 4 1
1 2 1
1 5 1
#410
6
C
C
C
C
N
N
5
0 2 2
0 3 1
0 4 1
1 2 1
1 5 1
#411
6
C
C
N
C
C
N
5
0 1 1
0 4 2
0 5 1
1 2 2
2 3 1
#412
6
C
C
S
C
C
O
5
0 1 1
0 2 1
0 3 2
1 4 2
2 5 2
#413
6
C
C
C
C
C
S
5
0 1 1
0 5 1
1 2 2
2 3 1
3 4 2
#414
6
C
C
C
C
C
P
5
0 1 1
0 5 1
1 2 2
2 3 1
3 4 2
#415
6
C
C
C
C
C
N
5
0 1 1
0 5 1
1 2 2
2 3 1
3 4 2
#416
6
C
C
C
C
C
O
5
0 1 1
0 5 1
1 2 2
2 3 1
3 4 2
#417
6
C
C
C
C
C
Cl
5
0 1 1
0 5 1
1 2 2
2 3 1
3 4 2
#418
6
C
C
C
C
C
F
5
0 1 1
0 5 1
1 2 2
2 3 1
3 4 2
#419
6
N
C
S
C
C
O
5
0 1 1
0 2 1
0 3 1
1 4 1
2 5 2
#420
6
C
C
N
N
N
N
5
0 2 2
0 3 1
0 4 1
1 2 1
1 5 1
#421
6
C
C
C
N
C
N
5
0 1 1
0 2 1
1 3 1
2 5 3
3 4 1
#422
6
C
C
C
C
C
N
5
0 1 1
0 4 1
1 2 2
2 3 1
3 5 2
#423
6
C
C
C
C
C
O
5
0 1 1
0 4 1
1 2 2
2 3 1
3 5 2
#424
6
C
C
N
N
C
C
5
0 1 1
0 2 1
1 3 1
2 4 1
3 5 2
#425
6
C
C
C
S
C
N
5
0 1 1
0 3 1
1 4 1
2 3 1
2 5 1
#426
6
C
C
C
S
C
O
5
0 1 1
0 3 1
1 2 2
2 4 1
3 5 2
#427
6
C
C
C
S
C
C
5
0 1 1
0 3 1
1 4 1
2 3 1
2 5 1
#428
6
C
C
C
N
C
N
5
0 1 1
0 3 2
1 4 2
2 3 1
2 5 2
#429
6
C
C
C
N
C
C
5
0 1 1
0 3 2
1 4 2
2 3 1
2 5 2
#430
6
C
C
N
C
C
O
5
0 2 1
0 3 1
0 5 1
1 2 1
1 4 2
#431
6
C
C
N
N
C
C
5
0 1 1
0 2 1
1 4 1
2 3 1
3 5 2
#432
6
C
C
O
C
C
N
5
0 1 2
0 3 1
0 5 1
1 2 1
2 4 1
#433
6
C
C
N
C
N
O
5
0 2 1
0 3 1
0 5 1
1 2 1
1 4 1
#434
6
N
C
C
C
C
C
5
0 1 1
0 2 1
0 3 1
1 4 2
2 5 2
#435
6
N
C
C
C
C
N
5
0 1 1
0 2 1
0 3 1
1 4 2
2 5 2
#436
6
C
C
N
N
O
O
5
0 2 1
0 4 2
1 3 1
1 5 2
2 3 1
#437
6
N
C
C
C
C
O
5
0 1 1
0 2 1
0 3 1
1 4 2
2 5 2
#438
6
N
C
C
C
C
S
5
0 1 1
0 2 1
0 3 1
1 4 2
2 5 2
#439
6
N
C
C
C
C
N
5
0 1 1
0 2 1
0 5 1
1 3 1
2 4 1
#440
6
C
C
C
N
C
N
5
0 1 1
0 3 1
1 5 1
2 3 2
2 4 1
#441
6
C
C
N
C
N
N
5
0 2 1
0 4 1
0 5 2
1 2 1
1 3 1
#442
6
C
C
N
C
N
S
5
0 2 1
0 4 1
0 5 2
1 2 1
1 3 1
#443
6
C
C
N
C
N
O
5
0 2 1
0 4 1
0 5 2
1 2 1
1 3 1
#444
6
C
C
C
N
C
O
5
0 1 1
0 3 1
1 5 1
2 3 2
2 4 1
#445
6
C
C
N
C
C
C
5
0 1 2
0 3 1
0 4 1
1 2 1
2 5 2
#446
6
C
N
N
C
C
O
5
0 1 1
0 2 1
0 5 2
1 3 1
2 4 1
#447
6
C
N
N
C
C
C
5
0 1 1
0 2 1
0 5 2
1 3 1
2 4 1
#448
6
C
N
N
C
C
N
5
0 1 1
0 2 1
0 5 2
1 3 1
2 4 1
#449
6
C
N
N
C
C
S
5
0 1 1
0 2 1
0 5 2
1 3 1
2 4 1
#450
6
C
C
N
C
O
O
5
0 1 1
0 2 1
0 5 2
1 4 1
2 3 1
#451
6
C
C
C
S
C
O
5
0 1 1
0 2 1
1 3 1
2 4 2
3 5 2
#452
6
C
C
N
S
C
C
5
0 1 1
0 3 1
1 5 2
2 3 1
2 4 1
#453
6
C
C
O
C
C
O
5
0 1 2
0 3 1
0 5 1
1 2 1
2 4 1
#454
6
C
C
O
C
C
O
5
0 1 1
0 2 1
0 5 2
1 4 2
2 3 1
#455
6
N
C
C
C
N
O
5
0 1 1
0 2 1
0 4 1
1 3 2
2 5 2
#456
6
C
N
N
C
N
O
5
0 1 1
0 2 1
0 5 2
1 3 1
2 4 1
#457
6
C
N
N
C
N
S
5
0 1 1
0 2 1
0 5 2
1 3 1
2 4 1
#458
6
C
C
C
C
C
C
5
0 1 2
0 2 1
0 3 1
1 4 1
1 5 1
#459
6
C
C
C
C
C
Cl
5
0 1 2
0 2 1
0 3 1
1 4 1
1 5 1
#460
6
C
C
C
C
C
N
5
0 1 2
0 2 1
0 3 1
1 4 1
1 5 1
#461
6
C
C
C
C
C
O
5
0 1 2
0 2 1
0 3 1
1 4 1
1 5 1
#462
6
C
C
C
C
C
S
5
0 1 2
0 2 1
0 3 1
1 4 1
1 5 1
#463
6
C
C
C
C
N
N
5
0 1 1
0 2 1
0 3 2
1 4 1
2 5 1
#464
6
C
N
C
C
C
N
5
0 1 1
0 2 1
0 4 2
1 3 1
1 5 1
#465
6
C
C
N
C
O
S
5
0 2 1
0 3 1
0 4 2
1 2 1
1 5 1
#466
6
C
C
C
C
C
N
5
0 1 1
0 2 1
0 5 1
1 3 2
2 4 2
#467
6
C
C
C
C
C
O
5
0 1 1
0 2 1
0 5 1
1 3 2
2 4 2
#468
6
C
C
C
N
C
N
5
0 1 1
0 3 1
1 4 1
2 3 1
2 5 2
#469
6
C
C
C
C
N
O
5
0 1 1
0 2 1
0 3 2
1 4 1
2 5 1
#470
6
C
C
C
N
C
O
5
0 1 1
0 3 1
1 4 1
2 3 1
2 5 2
#471
6
C
N
N
N
C
C
5
0 1 1
0 2 1
1 3 1
2 4 1
3 5 1
#472
6
C
C
C
N
O
O
5
0 1 1
0 3 1
0 4 2
1 2 1
2 5 2
#473
6
N
C
N
C
C
C
5
0 1 1
0 2 1
0 3 1
1 4 2
2 5 2
#474
6
C
C
C
S
C
C
5
0 2 1
0 3 1
1 3 1
1 4 1
2 5 2
#475
6
C
C
C
S
C
O
5
0 2 1
0 3 1
1 3 1
1 4 1
2 5 2
#476
6
C
C
N
C
O
O
5
0 1 1
0 2 1
0 4 1
1 5 1
2 3 1
#477
6
C
C
N
N
C
O
5
0 2 1
0 4 1
1 3 1
1 5 2
2 3 1
#478
6
C
C
N
N
C
N
5
0 2 1
0 4 1
1 3 1
1 5 2
2 3 1
#479
6
C
C
C
C
N
O
5
0 1 1
0 3 2
0 5 1
1 2 2
2 4 1
#480
6
C
C
O
O
C
C
5
0 1 1
0 2 1
1 3 1
2 4 1
3 5 1
#481
6
P
C
O
C
O
O
5
0 2 1
0 4 1
0 5 2
1 2 1
1 3 1
#482
6
C
C
N
N
C
C
5
0 1 1
0 2 1
1 3 2
2 5 2
3 4 1
#483
6
C
C
C
C
N
N
5
0 1 1
0 2 1
0 4 2
1 3 1
1 5 2
#484
6
C
C
C
N
C
N
5
0 3 1
0 5 1
1 2 2
1 3 1
2 4 1
#485
6
C
C
C
C
N
O
5
0 1 1
0 3 2
0 5 1
1 2 1
2 4 1
#486
6
C
C
N
C
C
O
5
0 1 1
0 2 1
0 3 2
1 5 1
2 4 2
#487
6
C
C
N
C
C
N
5
0 1 1
0 2 1
0 3 2
1 5 1
2 4 2
#488
6
C
C
C
N
C
S
5
0 1 1
0 3 1
1 4 1
2 3 1
2 5 2
#489
6
N
C
C
C
C
C
5
0 1 1
0 2 2
0 3 1
1 4 1
2 5 1
#490
6
C
C
N
N
C
C
5
0 2 1
0 4 1
1 3 2
1 5 1
2 3 1
#491
6
C
C
C
C
C
S
5
0 1 1
0 2 1
1 4 1
2 3 2
3 5 1
#492
6
C
C
C
C
C
O
5
0 1 1
0 2 1
1 4 1
2 3 2
3 5 1
#493
6
C
C
N
S
C
C
5
0 2 1
0 3 1
1 3 1
1 4 1
2 5 1
#494
6
C
C
C
C
N
O
5
0 1 1
0 2 1
0 5 2
1 3 1
2 4 1
#495
6
C
C
C
C
N
N
5
0 1 1
0 2 1
0 5 2
1 3 1
2 4 1
#496
6
C
C
C
N
C
O
5
0 3 1
0 5 1
1 2 2
1 3 1
2 4 1
#497
6
C
C
C
C
C
N
5
0 1 1
0 2 1
1 3 1
2 5 1
3 4 2
#498
6
C
C
C
C
C
O
5
0 1 1
0 2 1
1 3 1
2 5 1
3 4 2
#499
6
C
C
C
C
C
S
5
0 1 1
0 2 1
1 3 1
2 5 1
3 4 2
#500
6
C
C
C
C
C
N
5
0 1 1
0 2 1
1 4 1
2 3 2
3 5 1
#501
6
C
C
C
C
C
C
5
0 1 1
0 2 1
1 4 1
2 3 2
3 5 1
#502
6
C
C
C
C
C
Cl
5
0 1 1
0 2 1
1 4 1
2 3 2
3 5 1
#503
6
C
C
N
C
C
N
5
0 1 1
0 2 1
0 3 1
1 4 1
2 5 1
#504
6
P
C
C
C
C
C
5
0 1 1
0 2 1
0 3 1
1 4 1
2 5 1
#505
6
C
C
C
C
N
S
5
0 2 2
0 3 1
0 5 1
1 2 1
1 4 1
#506
6
C
C
C
C
N
O
5
0 2 2
0 3 1
0 5 1
1 2 1
1 4 1
#507
6
C
C
C
N
C
O
5
0 1 1
0 3 1
1 2 2
2 5 1
3 4 1
#508
6
C
C
C
N
C
N
5
0 1 1
0 3 1
1 2 2
2 5 1
3 4 1
#509
6
C
C
C
N
C
S
5
0 1 1
0 3 1
1 2 2
2 5 1
3 4 1
#510
6
C
C
C
N
C
Cl
5
0 1 1
0 3 1
1 2 2
2 5 1
3 4 1
#511
6
C
O
C
C
C
C
5
0 1 1
0 2 1
0 3 1
0 4 1
1 5 1
#512
6
C
C
C
C
C
S
5
0 1 1
0 2 1
0 5 1
1 3 1
2 4 1
#513
6
C
C
C
C
C
O
5
0 1 1
0 2 1
0 5 1
1 3 1
2 4 1
#514
6
C
C
C
C
C
N
5
0 1 1
0 2 1
0 5 1
1 3 1
2 4 1
#515
6
S
C
N
C
O
O
5
0 2 1
0 4 2
0 5 2
1 2 1
1 3 1
#516
6
C
C
S
C
C
N
5
0 1 2
0 2 1
0 5 1
1 3 1
2 4 1
#517
6
N
C
C
C
C
N
5
0 1 1
0 3 1
0 5 1
1 2 1
2 4 1
#518
6
C
C
C
C
C
C
5
0 1 1
0 2 1
0 4 2
1 3 1
1 5 2
#519
6
C
C
N
C
C
C
5
0 1 1
0 2 1
0 3 1
1 4 1
2 5 1
#520
6
C
C
C
C
O
O
5
0 1 1
0 2 1
0 3 2
1 4 1
2 5 1
#521
6
C
C
C
C
C
C
5
0 1 1
0 2 1
0 3 1
0 4 1
1 5 1
#522
6
C
C
C
C
C
C
5
0 1 2
0 3 1
0 4 1
1 2 1
2 5 2
#523
6
C
C
C
C
C
N
5
0 1 2
0 3 1
0 4 1
1 2 1
2 5 2
#524
6
C
C
N
N
C
N
5
0 2 1
0 3 1
1 2 1
1 4 2
3 5 1
#525
6
C
C
C
C
C
O
5
0 1 2
0 3 1
0 4 1
1 2 1
2 5 2
#526
6
C
C
C
C
O
O
5
0 1 1
0 2 1
0 4 1
1 3 1
1 5 2
#527
6
C
C
C
C
C
N
5
0 1 1
0 3 2
0 5 1
1 2 1
2 4 2
#528
6
C
C
C
C
C
O
5
0 1 1
0 3 2
0 5 1
1 2 1
2 4 2
#529
6
C
C
C
C
C
S
5
0 1 1
0 3 2
0 5 1
1 2 1
2 4 2
#530
6
S
C
C
C
C
O
5
0 1 1
0 3 1
0 5 2
1 2 1
2 4 2
#531
6
C
C
N
N
C
O
5
0 2 1
0 3 2
1 2 2
1 5 1
3 4 1
#532
6
C
C
N
N
C
N
5
0 2 1
0 3 2
1 2 2
1 5 1
3 4 1
#533
6
C
C
C
C
C
O
5
0 1 1
0 2 1
0 3 1
0 4 1
1 5 1
#534
6
C
C
C
C
C
N
5
0 1 1
0 2 1
0 3 1
0 4 1
1 5 1
#535
6
C
C
P
C
C
C
5
0 1 1
0 2 1
0 4 2
1 5 2
2 3 1
#536
6
C
C
C
C
C
N
5
0 1 1
0 2 1
0 4 2
1 3 1
1 5 2
#537
6
C
C
C
C
C
O
5
0 1 1
0 2 1
0 4 2
1 3 1
1 5 2
#538
6
C
C
C
N
N
O
5
0 1 1
0 2 1
1 5 1
2 3 2
3 4 1
#539
6
C
C
C
C
C
O
5
0 1 1
0 2 1
0 5 1
1 3 1
2 4 2
#540
6
C
C
C
C
C
N
5
0 1 1
0 2 1
0 5 1
1 3 1
2 4 2
#541
6
C
N
S
C
C
C
5
0 2 1
0 3 1
0 5 2
1 2 1
1 4 1
#542
6
C
C
C
O
C
N
5
0 3 1
0 5 1
1 2 2
1 3 1
2 4 1
#543
6
C
C
C
N
C
C
5
0 1 1
0 2 1
1 3 1
2 4 1
3 5 2
#544
6
C
C
C
O
C
O
5
0 3 1
0 5 1
1 2 2
1 3 1
2 4 1
#545
6
C
C
C
C
C
C
5
0 1 1
0 3 1
0 4 1
1 2 1
2 5 2
#546
6
C
C
C
C
C
O
5
0 1 1
0 3 1
0 4 1
1 2 1
2 5 2
#547
6
C
C
C
C
C
N
5
0 1 1
0 3 1
0 4 1
1 2 1
2 5 2
#548
6
C
C
C
C
N
N
5
0 1 1
0 2 1
0 3 1
1 4 1
2 5 1
#549
6
S
C
C
C
O
O
5
0 1 1
0 4 1
0 5 2
1 2 1
2 3 2
#550
6
C
C
N
N
C
C
5
0 2 1
0 3 2
1 2 1
1 5 2
3 4 1
#551
6
C
C
C
C
N
O
5
0 1 1
0 2 1
0 3 1
1 4 1
2 5 1
#552
6
C
C
N
N
C
C
5
0 2 1
0 4 1
1 3 1
1 5 1
2 3 2
#553
6
C
C
O
C
N
O
5
0 2 1
0 4 1
0 5 2
1 2 1
1 3 1
#554
6
C
C
O
C
C
N
5
0 2 1
0 3 1
0 5 2
1 2 1
1 4 1
#555
6
N
C
C
C
O
S
5
0 1 1
0 2 1
0 3 1
1 5 1
2 4 2
#556
6
C
C
N
N
C
O
5
0 2 1
0 3 2
1 2 1
1 5 2
3 4 1
#557
6
C
C
O
C
C
C
5
0 2 1
0 3 1
0 5 2
1 2 1
1 4 1
#558
6
C
C
C
N
N
O
5
0 1 1
0 2 1
0 3 1
1 4 1
1 5 2
#559
6
C
C
O
C
C
O
5
0 2 1
0 3 1
0 5 2
1 2 1
1 4 1
#560
6
C
C
C
N
C
N
5
0 1 1
0 3 1
1 5 2
2 3 2
2 4 1
#561
6
C
C
C
N
C
O
5
0 1 1
0 3 1
1 5 2
2 3 2
2 4 1
#562
6
C
C
C
C
N
O
5
0 1 2
0 3 1
0 5 1
1 2 1
2 4 2
#563
6
C
C
C
C
O
O
5
0 1 1
0 2 1
0 3 1
1 4 2
2 5 2
#564
6
C
C
C
C
N
O
5
0 1 2
0 2 1
1 3 1
2 4 2
3 5 2
#565
6
C
C
C
N
C
C
5
0 1 2
0 3 1
1 4 1
2 3 2
2 5 1
#566
6
C
C
C
N
N
O
5
0 1 1
0 3 1
0 5 2
1 2 1
2 4 2
#567
6
C
C
C
N
C
O
5
0 1 2
0 3 1
1 4 1
2 3 2
2 5 1
#568
6
S
C
N
C
C
O
5
0 1 1
0 2 1
0 5 2
1 4 2
2 3 1
#569
6
C
C
C
N
C
N
5
0 1 2
0 3 1
1 4 1
2 3 2
2 5 1
#570
6
C
C
C
N
C
S
5
0 1 2
0 3 1
1 4 1
2 3 2
2 5 1
#571
6
P
C
C
C
C
C
5
0 1 1
0 3 1
0 4 1
1 2 2
2 5 1
#572
6
C
C
C
C
O
O
5
0 1 1
0 3 1
0 4 1
1 2 1
2 5 2
#573
6
C
C
N
C
N
N
5
0 1 1
0 3 2
0 4 1
1 2 2
2 5 1
#574
6
C
C
N
C
C
N
5
0 1 1
0 3 1
0 4 2
1 2 2
2 5 1
#575
6
C
C
N
C
C
O
5
0 1 1
0 3 1
0 4 2
1 2 2
2 5 1
#576
6
C
N
S
C
C
N
5
0 1 2
0 2 1
0 5 1
1 3 1
2 4 1
#577
6
C
C
C
C
C
O
5
0 1 1
0 3 1
0 4 1
1 2 1
2 5 1
#578
6
C
C
C
C
C
N
5
0 1 1
0 3 1
0 4 1
1 2 1
2 5 1
#579
6
C
C
C
C
C
C
5
0 1 1
0 3 1
0 4 1
1 2 1
2 5 1
#580
6
C
C
C
N
C
C
5
0 1 1
0 3 1
1 4 1
2 3 1
2 5 1
#581
6
C
C
C
O
O
O
5
0 1 1
0 3 1
1 4 1
2 3 1
2 5 2
#582
6
C
C
N
C
C
C
5
0 2 1
0 3 1
0 5 2
1 2 2
1 4 1
#583
6
C
C
N
C
C
S
5
0 2 1
0 3 1
0 4 2
1 2 1
1 5 2
#584
6
C
C
C
C
C
N
5
0 1 1
0 3 1
0 5 1
1 2 2
2 4 1
#585
6
C
C
N
C
C
C
5
0 2 1
0 3 1
0 4 2
1 2 1
1 5 2
#586
6
C
C
N
C
C
O
5
0 2 1
0 3 1
0 4 2
1 2 1
1 5 2
#587
6
C
C
N
C
C
N
5
0 2 1
0 3 1
0 4 2
1 2 1
1 5 2
#588
6
C
N
N
C
C
C
5
0 1 1
0 3 1
0 4 2
1 2 1
2 5 2
#589
6
C
C
C
O
C
O
5
0 1 1
0 3 1
1 5 2
2 3 1
2 4 2
#590
6
C
C
C
C
N
O
5
0 1 1
0 3 1
0 5 1
1 2 1
2 4 1
#591
6
C
C
C
N
C
O
5
0 1 1
0 3 1
1 5 2
2 3 1
2 4 2
#592
6
C
C
N
C
N
O
5
0 2 1
0 3 2
0 4 1
1 2 1
1 5 2
#593
6
C
C
N
C
N
N
5
0 2 1
0 3 2
0 4 1
1 2 1
1 5 2
#594
6
C
C
N
N
C
C
5
0 2 1
0 4 2
1 3 1
1 5 2
2 3 2
#595
6
C
C
C
N
C
S
5
0 1 1
0 3 1
1 4 1
2 3 1
2 5 1
#596
6
C
C
C
N
C
N
5
0 1 1
0 3 1
1 4 1
2 3 1
2 5 1
#597
6
C
C
C
N
C
N
5
0 1 1
0 3 1
1 5 2
2 3 1
2 4 2
#598
6
C
C
C
N
C
O
5
0 1 1
0 3 1
1 4 1
2 3 1
2 5 1
#599
6
C
C
S
C
C
N
5
0 1 2
0 3 1
0 5 1
1 2 1
2 4 1
#600
6
C
C
C
C
C
N
5
0 1 1
0 2 1
0 4 2
1 3 1
2 5 1
#601
6
N
C
C
C
N
N
5
0 1 1
0 2 1
0 3 1
1 4 1
2 5 2
#602
6
N
C
C
C
N
O
5
0 1 1
0 2 1
0 3 1
1 4 1
2 5 2
#603
6
C
C
N
C
C
O
5
0 1 1
0 3 1
0 5 1
1 2 1
2 4 1
#604
6
C
C
N
N
C
C
5
0 2 1
0 3 2
1 2 2
1 4 1
3 5 1
#605
6
C
C
N
C
C
N
5
0 1 1
0 3 1
0 5 1
1 2 1
2 4 1
#606
6
C
C
C
O
O
O
5
0 1 1
0 3 1
1 4 1
2 3 1
2 5 1
#607
6
C
C
S
C
C
N
5
0 1 1
0 2 1
0 4 2
1 5 1
2 3 1
#608
6
C
C
C
N
C
S
5
0 1 1
0 3 1
1 4 2
2 3 2
2 5 1
#609
6
C
C
C
N
C
N
5
0 1 1
0 3 1
1 4 2
2 3 2
2 5 1
#610
6
C
C
C
N
C
O
5
0 1 1
0 3 1
1 4 2
2 3 2
2 5 1
#611
6
C
C
N
C
O
O
5
0 2 1
0 3 1
0 4 2
1 2 1
1 5 2
#612
6
C
C
N
C
O
S
5
0 2 1
0 3 1
0 4 2
1 2 1
1 5 2
#613
6
N
C
N
C
C
C
5
0 1 1
0 3 1
0 4 1
1 2 1
2 5 2
#614
6
C
C
N
O
C
N
5
0 2 1
0 3 1
1 2 1
1 5 1
3 4 1
#615
6
C
C
C
C
C
C
5
0 1 1
0 3 1
0 4 1
1 2 2
2 5 1
#616
6
C
C
C
C
O
O
5
0 1 1
0 2 2
0 4 1
1 5 2
2 3 1
#617
6
C
C
C
C
C
O
5
0 1 1
0 2 1
0 4 2
1 3 1
2 5 1
#618
6
C
C
C
C
C
O
5
0 1 1
0 3 1
0 4 1
1 2 2
2 5 1
#619
6
C
C
C
C
C
O
5
0 1 1
0 3 1
0 5 1
1 2 2
2 4 1
#620
6
C
C
C
C
C
N
5
0 1 1
0 3 1
0 4 1
1 2 2
2 5 1
#621
6
C
C
C
N
O
O
5
0 1 1
0 2 1
0 4 1
1 3 1
1 5 1
#622
6
C
C
C
O
C
O
5
0 1 1
0 2 1
1 3 1
2 5 2
3 4 1
#623
6
C
C
C
O
C
N
5
0 1 1
0 2 1
1 3 1
2 5 2
3 4 1
#624
6
C
C
C
C
O
O
5
0 2 1
0 4 1
1 3 1
1 5 1
2 3 2
#625
6
C
C
C
C
O
O
5
0 1 1
0 2 1
0 4 1
1 5 1
2 3 2
#626
6
C
C
C
N
C
S
5
0 1 1
0 3 1
1 5 1
2 3 1
2 4 1
#627
6
C
C
C
N
C
O
5
0 1 1
0 3 1
1 5 1
2 3 1
2 4 1
#628
6
C
C
C
N
C
N
5
0 1 1
0 3 1
1 5 1
2 3 1
2 4 1
#629
6
C
C
C
C
C
S
5
0 1 1
0 3 1
0 4 2
1 2 1
2 5 1
#630
6
C
C
C
C
C
N
5
0 1 1
0 3 1
0 4 2
1 2 1
2 5 1
#631
6
C
C
N
C
C
O
5
0 1 1
0 2 1
0 3 2
1 4 2
2 5 2
#632
6
C
C
C
C
C
O
5
0 1 1
0 3 1
0 4 2
1 2 1
2 5 1
#633
6
C
C
N
C
N
O
5
0 1 1
0 2 1
0 5 2
1 3 2
2 4 1
#634
6
C
C
N
C
C
N
5
0 1 1
0 2 1
0 3 2
1 4 2
2 5 2
#635
6
C
C
S
C
C
C
5
0 1 1
0 3 1
0 5 2
1 2 1
2 4 1
#636
6
C
C
N
C
C
C
5
0 1 1
0 2 1
0 3 2
1 4 2
2 5 2
#637
6
C
C
C
N
C
O
5
0 1 1
0 5 1
1 2 2
2 3 1
3 4 1
#638
6
C
C
C
N
C
N
5
0 1 1
0 5 1
1 2 2
2 3 1
3 4 1
#639
6
N
C
S
C
C
C
5
0 2 1
0 3 1
0 4 1
1 2 1
1 5 1
#640
6
C
C
C
N
C
S
5
0 1 1
0 3 1
1 4 1
2 3 2
2 5 1
#641
6
C
C
C
N
C
O
5
0 2 2
0 3 1
1 3 1
1 5 2
2 4 1
#642
6
C
C
C
N
C
N
5
0 2 2
0 3 1
1 3 1
1 5 2
2 4 1
#643
6
C
C
C
N
C
C
5
0 1 1
0 3 1
1 4 1
2 3 2
2 5 1
#644
6
C
C
C
N
C
N
5
0 1 1
0 3 1
1 4 1
2 3 2
2 5 1
#645
6
C
C
C
C
O
O
5
0 1 1
0 2 1
0 5 2
1 3 2
1 4 1
#646
6
C
C
C
N
C
S
5
0 2 2
0 3 1
1 3 1
1 5 2
2 4 1
#647
6
S
C
C
C
C
O
5
0 1 1
0 2 1
0 5 2
1 3 1
2 4 2
#648
6
C
C
S
C
C
O
5
0 1 1
0 3 1
0 4 2
1 2 1
2 5 2
#649
6
C
C
C
N
C
C
5
0 2 2
0 3 1
1 3 1
1 5 2
2 4 1
#650
6
C
C
C
O
C
N
5
0 1 1
0 3 1
1 2 2
2 5 1
3 4 1
#651
6
C
C
C
O
C
O
5
0 1 1
0 3 1
1 2 2
2 5 1
3 4 1
#652
6
C
C
N
N
C
C
5
0 2 1
0 4 1
1 3 1
1 5 2
2 3 2
#653
6
C
C
C
C
C
N
5
0 1 1
0 2 1
1 3 1
2 4 2
3 5 3
#654
6
P
O
O
C
C
O
5
0 1 1
0 2 1
0 5 2
1 3 1
2 4 1
#655
6
C
C
N
C
N
N
5
0 1 1
0 2 2
0 4 1
1 5 1
2 3 1
#656
6
C
C
N
N
C
N
5
0 3 1
0 5 1
1 2 1
1 3 2
2 4 1
#657
6
C
C
N
C
N
N
5
0 1 2
0 2 1
0 4 1
1 5 1
2 3 1
#658
6
C
N
N
C
C
N
5
0 2 2
0 3 1
0 5 1
1 2 1
1 4 1
#659
6
C
C
N
C
C
N
5
0 1 1
0 2 2
0 5 1
1 4 2
2 3 1
#660
6
C
C
N
C
C
O
5
0 1 1
0 2 2
0 5 1
1 4 2
2 3 1
#661
6
C
C
C
N
N
O
5
0 1 1
0 3 1
0 5 2
1 2 2
2 4 1
#662
6
C
C
C
N
N
N
5
0 1 1
0 3 1
0 5 2
1 2 2
2 4 1
#663
6
C
C
C
C
N
O
5
0 2 1
0 4 1
1 3 1
1 5 1
2 3 2
#664
6
C
C
C
O
C
N
5
0 2 1
0 3 1
1 3 1
1 5 1
2 4 2
#665
6
C
C
C
O
C
O
5
0 2 1
0 3 1
1 3 1
1 5 1
2 4 2
#666
6
C
C
N
S
C
C
5
0 2 1
0 4 1
1 3 1
1 5 2
2 3 1
#667
6
C
C
C
S
C
N
5
0 1 1
0 3 1
1 4 2
2 3 1
2 5 2
#668
6
C
C
C
O
N
N
5
0 1 1
0 3 1
1 4 1
2 3 1
2 5 1
#669
6
C
C
C
C
C
N
5
0 1 1
0 2 1
0 5 2
1 3 2
2 4 2
#670
6
C
C
C
C
C
O
5
0 1 1
0 2 1
0 5 2
1 3 2
2 4 2
#671
6
C
C
C
S
C
C
5
0 1 1
0 3 1
1 4 2
2 3 1
2 5 2
#672
6
C
C
C
N
N
S
5
0 2 2
0 3 1
1 3 2
1 4 1
2 5 1
#673
6
C
C
C
C
N
N
5
0 1 1
0 2 1
1 4 1
2 3 2
3 5 1
#674
6
C
C
C
C
N
O
5
0 1 1
0 2 1
1 4 1
2 3 2
3 5 1
#675
6
C
C
C
P
C
C
5
0 1 1
0 3 1
1 2 2
2 4 1
3 5 1
#676
6
C
C
C
C
C
O
5
0 1 1
0 2 1
0 3 1
1 4 1
2 5 2
#677
6
C
N
C
C
N
O
5
0 1 1
0 4 1
0 5 2
1 2 1
1 3 1
#678
6
C
N
C
C
N
N
5
0 1 1
0 4 1
0 5 2
1 2 1
1 3 1
#679
6
C
C
N
N
C
C
5
0 1 1
0 2 2
1 4 2
2 3 1
3 5 2
#680
6
C
C
C
C
C
O
5
0 1 1
0 2 1
0 3 2
1 4 2
2 5 2
#681
6
C
C
C
C
C
C
5
0 1 1
0 2 1
0 3 2
1 4 2
2 5 2
#682
6
C
C
C
C
O
O
5
0 1 1
0 2 2
0 4 1
1 3 1
2 5 1
#683
6
C
C
C
C
C
N
5
0 1 1
0 2 1
0 3 2
1 4 2
2 5 2
#684
6
C
N
C
C
N
S
5
0 1 1
0 4 1
0 5 2
1 2 1
1 3 1
#685
6
C
C
N
N
C
C
5
0 1 1
0 2 1
1 5 2
2 3 1
3 4 1
#686
6
P
C
C
C
C
C
5
0 1 1
0 2 1
0 3 1
1 4 2
2 5 2
#687
6
N
C
N
C
C
C
5
0 2 1
0 3 1
0 4 1
1 2 2
1 5 1
#688
6
N
C
N
C
C
C
5
0 1 1
0 2 1
0 3 1
1 4 1
2 5 2
#689
6
C
C
C
C
O
O
5
0 1 1
0 3 1
0 4 1
1 2 1
2 5 1
#690
6
C
C
P
C
C
C
5
0 1 2
0 2 1
0 3 1
1 4 1
2 5 1
#691
6
C
C
S
C
C
C
5
0 1 1
0 2 1
0 5 2
1 3 1
2 4 1
#692
6
C
C
C
S
C
O
5
0 1 1
0 2 1
1 3 1
2 4 1
3 5 2
#693
6
C
C
N
C
C
N
5
0 1 2
0 3 1
0 4 1
1 2 1
2 5 1
#694
6
C
C
C
O
C
C
5
0 1 1
0 2 1
1 3 1
2 5 2
3 4 1
#695
6
S
C
C
C
O
O
5
0 1 1
0 2 1
0 4 2
0 5 2
1 3 1
#696
6
C
C
C
C
C
C
5
0 1 1
0 2 1
0 3 1
1 4 1
2 5 2
#697
6
C
C
C
C
C
N
5
0 1 1
0 2 1
0 3 1
1 4 1
2 5 2
#698
6
C
C
N
C
C
C
5
0 1 2
0 3 1
0 4 1
1 2 1
2 5 1
#699
6
C
C
C
C
N
O
5
0 1 1
0 2 1
0 3 1
1 4 1
1 5 2
#700
6
C
S
C
C
N
O
5
0 1 1
0 2 1
0 3 2
1 4 1
1 5 2
#701
6
C
C
C
C
O
O
5
0 1 1
0 4 1
1 2 2
2 3 1
3 5 2
#702
6
C
C
N
C
C
C
5
0 1 1
0 3 1
0 4 1
1 2 1
2 5 1
#703
6
C
C
N
C
C
C
5
0 1 1
0 2 2
0 3 1
1 5 2
2 4 1
#704
6
C
C
C
N
C
O
5
0 1 1
0 2 1
1 3 2
2 5 2
3 4 1
#705
6
C
C
N
C
C
N
5
0 1 1
0 2 2
0 3 1
1 5 2
2 4 1
#706
6
C
C
C
N
C
C
5
0 1 1
0 2 1
1 3 2
2 5 2
3 4 1
#707
6
C
C
C
C
N
O
5
0 1 2
0 3 1
0 4 1
1 2 1
2 5 2
#708
6
C
C
N
N
O
S
5
0 2 1
0 3 1
0 5 2
1 2 1
1 4 2
#709
6
C
C
C
C
N
N
5
0 1 2
0 3 1
0 4 1
1 2 1
2 5 2
#710
6
C
C
O
C
C
O
5
0 1 1
0 2 1
0 4 2
1 5 2
2 3 1
#711
6
C
C
N
C
C
N
5
0 2 1
0 3 1
0 4 1
1 2 1
1 5 2
#712
6
C
C
N
C
C
O
5
0 2 1
0 3 1
0 4 1
1 2 1
1 5 2
#713
6
C
C
N
C
C
C
5
0 2 1
0 3 1
0 4 1
1 2 1
1 5 2
#714
6
N
C
N
C
C
C
5
0 1 1
0 2 1
0 3 1
1 4 1
2 5 1
#715
6
C
N
N
N
C
C
5
0 1 1
0 2 1
1 3 1
2 4 1
3 5 2
#716
6
C
C
C
P
C
C
5
0 1 1
0 2 2
1 5 2
2 3 1
3 4 1
#717
6
C
C
C
C
N
N
5
0 1 1
0 3 1
0 5 2
1 2 2
2 4 1
#718
6
C
C
C
C
N
O
5
0 1 1
0 3 1
0 5 2
1 2 2
2 4 1
#719
6
C
C
N
C
C
C
5
0 1 1
0 2 1
0 5 2
1 3 1
2 4 1
#720
6
C
C
C
C
C
O
5
0 1 1
0 2 1
1 3 2
2 5 2
3 4 1
#721
6
C
C
C
C
C
N
5
0 1 1
0 2 1
1 3 2
2 5 2
3 4 1
#722
6
C
N
C
C
C
N
5
0 1 1
0 2 1
0 3 1
1 4 1
1 5 1
#723
6
C
C
C
O
C
C
5
0 2 2
0 3 1
1 3 1
1 5 2
2 4 1
#724
6
C
C
C
C
C
C
5
0 1 1
0 2 1
1 3 2
2 5 2
3 4 1
#725
6
C
C
O
O
C
C
5
0 1 2
0 2 1
1 3 1
2 4 1
3 5 1
#726
6
C
C
C
C
C
N
5
0 1 1
0 2 1
0 3 1
1 4 1
2 5 3
#727
6
C
C
C
O
C
O
5
0 2 2
0 3 1
1 3 1
1 5 2
2 4 1
#728
6
C
C
C
N
N
N
5
0 1 1
0 3 1
1 4 1
2 3 1
2 5 2
#729
6
C
C
C
N
C
O
5
0 1 1
0 2 1
1 3 1
2 4 1
3 5 1
#730
6
C
C
C
N
N
O
5
0 1 1
0 3 1
1 4 1
2 3 1
2 5 2
#731
6
C
C
C
N
C
N
5
0 1 1
0 2 1
1 3 1
2 4 1
3 5 1
#732
6
C
C
C
N
C
C
5
0 1 1
0 2 1
1 3 1
2 4 1
3 5 1
#733
6
C
C
O
C
C
O
5
0 1 1
0 2 1
0 5 2
1 3 1
2 4 1
#734
6
S
C
C
O
O
O
5
0 1 1
0 3 1
0 4 2
0 5 2
1 2 1
#735
6
C
C
C
S
N
N
5
0 3 1
0 4 1
1 2 2
1 3 1
2 5 1
#736
6
C
C
O
C
C
N
5
0 1 1
0 2 1
0 5 2
1 3 1
2 4 1
#737
6
C
C
O
C
C
C
5
0 1 1
0 2 1
0 5 2
1 3 1
2 4 1
#738
6
C
C
C
S
C
N
5
0 1 1
0 3 1
1 2 2
2 5 1
3 4 1
#739
6
S
C
C
C
C
O
5
0 1 1
0 3 1
0 5 2
1 2 2
2 4 1
#740
6
C
C
C
N
N
O
5
0 1 1
0 3 1
1 2 2
2 4 1
3 5 2
#741
6
C
C
N
C
C
N
5
0 1 1
0 2 1
0 3 1
1 5 1
2 4 1
#742
6
C
C
N
C
C
O
5
0 1 1
0 2 1
0 3 1
1 5 1
2 4 1
#743
6
C
C
C
C
C
N
5
0 1 1
0 2 1
0 3 1
0 5 1
1 4 1
#744
6
C
N
C
C
C
C
5
0 1 1
0 2 1
0 3 1
1 4 1
1 5 1
#745
6
C
C
N
C
C
N
5
0 1 1
0 3 2
0 5 1
1 2 1
2 4 2
#746
6
C
C
N
C
C
N
5
0 1 1
0 3 1
0 4 1
1 2 2
2 5 1
#747
6
C
C
C
N
C
Cl
5
0 1 1
0 3 1
1 5 1
2 3 1
2 4 1
#748
6
C
C
C
C
N
O
5
0 1 1
0 2 1
1 3 2
2 4 2
3 5 1
#749
6
C
C
N
C
C
O
5
0 2 2
0 3 1
0 5 1
1 2 1
1 4 1
#750
6
C
C
N
C
C
N
5
0 2 2
0 3 1
0 5 1
1 2 1
1 4 1
#751
6
C
C
C
C
N
O
5
0 1 1
0 2 1
1 3 1
2 4 1
3 5 1
#752
6
C
C
C
C
N
N
5
0 1 1
0 2 1
1 3 1
2 4 1
3 5 1
#753
6
C
C
C
C
O
O
5
0 1 1
0 4 1
0 5 1
1 2 1
2 3 2
#754
6
C
C
N
C
N
O
5
0 1 1
0 2 2
0 3 1
1 5 2
2 4 1
#755
6
C
C
C
C
N
O
5
0 1 1
0 2 1
0 4 1
1 3 1
2 5 2
#756
6
C
C
N
C
C
N
5
0 1 1
0 2 1
0 5 2
1 3 1
2 4 1
#757
6
C
C
N
C
C
O
5
0 1 1
0 2 1
0 5 2
1 3 1
2 4 1
#758
6
C
C
C
C
O
O
5
0 1 1
0 2 1
0 3 2
1 4 1
2 5 2
#759
6
C
C
N
N
C
N
5
0 1 1
0 2 1
1 3 1
2 4 1
3 5 1
#760
6
C
C
N
N
C
C
5
0 1 1
0 2 1
1 3 1
2 4 1
3 5 1
#761
6
C
C
O
C
C
C
5
0 1 2
0 3 1
0 4 1
1 2 1
2 5 1
#762
6
C
C
N
S
C
C
5
0 2 1
0 4 1
1 2 2
1 3 1
3 5 1
#763
6
C
C
C
C
C
O
5
0 1 1
0 2 1
0 3 1
1 4 1
2 5 1
#764
6
C
C
C
C
C
C
5
0 1 1
0 2 1
0 3 1
1 4 1
2 5 1
#765
6
C
C
C
C
O
O
5
0 1 1
0 2 1
1 3 1
2 4 1
3 5 1
#766
6
C
C
C
S
C
N
5
0 2 1
0 3 1
1 3 1
1 5 1
2 4 2
#767
6
C
C
N
C
N
N
5
0 2 2
0 4 1
0 5 1
1 2 1
1 3 2
#768
6
C
C
N
C
N
S
5
0 2 2
0 4 1
0 5 1
1 2 1
1 3 2
#769
6
C
C
O
C
C
N
5
0 2 1
0 3 1
0 4 2
1 2 1
1 5 1
#770
6
C
C
O
C
C
C
5
0 1 1
0 2 1
0 4 2
1 5 2
2 3 1
#771
6
C
C
O
C
C
O
5
0 2 1
0 3 1
0 4 2
1 2 1
1 5 1
#772
6
C
C
C
O
O
O
5
0 1 1
0 3 1
0 5 2
1 2 1
2 4 1
#773
6
C
C
N
C
C
C
5
0 1 1
0 2 1
0 4 2
1 5 2
2 3 1
#774
6
C
C
C
C
N
S
5
0 2 1
0 4 1
1 3 1
1 5 1
2 3 2
#775
6
C
C
C
C
N
N
5
0 2 1
0 4 1
1 3 1
1 5 1
2 3 2
#776
6
C
C
N
N
O
S
5
0 2 1
0 3 2
0 5 1
1 2 1
1 4 2
#777
6
C
C
N
C
C
N
5
0 1 1
0 2 1
0 4 2
1 5 2
2 3 1
#778
6
C
C
C
C
N
N
5
0 1 1
0 2 1
0 3 2
1 4 1
1 5 2
#779
6
C
C
N
C
C
O
5
0 1 1
0 2 1
0 4 2
1 5 2
2 3 1
#780
6
C
C
C
N
N
O
5
0 1 1
0 3 1
0 5 2
1 2 1
2 4 1
#781
6
C
C
C
C
C
N
5
0 1 1
0 2 1
0 3 1
1 4 1
2 5 1
#782
6
C
S
C
C
C
O
5
0 1 1
0 2 1
0 4 2
1 3 1
1 5 2
#783
6
C
C
C
N
N
N
5
0 2 2
0 3 1
0 4 1
1 2 1
1 5 1
#784
6
C
C
N
C
C
S
5
0 1 2
0 2 1
0 3 1
1 5 1
2 4 2
#785
6
C
C
N
C
C
N
5
0 1 2
0 2 1
0 3 1
1 5 1
2 4 2
#786
6
C
N
O
C
C
C
5
0 1 1
0 2 1
0 3 1
1 4 1
2 5 1
#787
6
C
C
N
C
C
O
5
0 1 1
0 2 1
0 5 1
1 3 1
2 4 1
#788
6
C
C
C
C
C
C
5
0 1 1
0 4 1
1 2 2
2 3 1
3 5 2
#789
6
C
C
C
C
C
N
5
0 1 1
0 2 1
1 3 1
2 4 1
3 5 3
#790
6
C
C
O
C
O
O
5
0 1 1
0 2 1
0 4 1
1 5 1
2 3 1
#791
6
C
C
P
C
C
C
5
0 2 1
0 3 1
0 4 2
1 2 1
1 5 2
#792
6
C
C
C
C
C
S
5
0 1 1
0 2 2
0 3 1
1 4 1
2 5 1
#793
6
C
C
C
C
C
O
5
0 1 1
0 2 2
0 3 1
1 4 1
2 5 1
#794
6
C
C
C
C
C
C
5
0 1 1
0 2 2
0 3 1
1 4 1
2 5 1
#795
6
C
C
C
C
C
N
5
0 1 1
0 2 2
0 3 1
1 4 1
2 5 1
#796
6
C
C
C
C
O
S
5
0 1 1
0 2 2
0 3 1
1 4 2
2 5 1
#797
6
C
N
N
C
C
N
5
0 1 1
0 2 2
0 5 1
1 4 2
2 3 1
#798
6
C
C
C
N
C
O
5
0 3 1
0 5 1
1 2 1
1 3 2
2 4 2
#799
6
C
C
C
N
C
N
5
0 3 1
0 5 1
1 2 1
1 3 2
2 4 2
#800
6
C
C
C
N
O
O
5
0 2 1
0 3 1
1 3 1
1 4 1
2 5 2
#801
6
C
C
N
N
C
C
5
0 1 2
0 2 1
1 3 1
2 4 2
3 5 2
#802
6
C
C
C
C
N
O
5
0 1 1
0 3 1
0 4 2
1 2 2
2 5 1
#803
6
C
C
N
C
C
O
5
0 1 2
0 2 1
0 3 1
1 5 1
2 4 2
#804
6
C
C
N
C
C
N
5
0 1 1
0 2 2
0 3 1
1 5 1
2 4 1
#805
6
C
C
C
C
C
O
5
0 1 1
0 2 1
0 3 1
0 5 1
1 4 1
#806
6
C
C
C
N
N
N
5
0 1 1
0 4 1
1 3 2
2 3 1
2 5 2
#807
6
C
C
N
C
C
O
5
0 1 1
0 2 2
0 3 1
1 5 1
2 4 1
#808
6
C
C
C
C
N
O
5
0 1 1
0 2 2
0 3 1
1 5 1
2 4 1
#809
6
C
C
O
C
C
C
5
0 1 1
0 2 1
0 3 1
1 4 1
2 5 1
#810
6
C
C
O
C
C
O
5
0 2 1
0 3 1
0 4 1
1 2 1
1 5 1
#811
6
C
C
N
C
C
N
5
0 1 2
0 2 1
0 5 1
1 3 1
2 4 2
#812
6
C
C
C
C
C
N
5
0 1 1
0 3 1
0 5 1
1 2 1
2 4 2
#813
6
C
C
N
N
C
N
5
0 2 1
0 3 1
1 3 2
1 5 1
2 4 1
#814
6
C
C
O
C
C
N
5
0 2 1
0 3 1
0 4 1
1 2 1
1 5 1
#815
6
C
C
O
C
C
C
5
0 2 1
0 3 1
0 4 1
1 2 1
1 5 1
#816
6
C
C
C
C
O
O
5
0 1 1
0 2 2
1 3 2
2 4 1
3 5 1
#817
6
C
C
N
C
C
N
5
0 1 1
0 2 1
0 3 2
1 5 2
2 4 2
#818
6
C
C
C
N
C
C
5
0 1 1
0 3 1
1 4 2
2 3 1
2 5 2
#819
6
C
C
N
C
C
O
5
0 1 1
0 2 1
0 3 2
1 5 2
2 4 2
#820
6
C
C
N
N
C
C
5
0 1 1
0 2 1
1 5 2
2 3 2
3 4 1
#821
6
C
C
C
C
N
N
5
0 1 1
0 2 1
0 5 2
1 3 2
1 4 1
#822
6
C
C
C
N
C
O
5
0 1 1
0 3 1
1 4 2
2 3 1
2 5 2
#823
6
C
C
C
N
C
N
5
0 1 1
0 3 1
1 4 2
2 3 1
2 5 2
#824
6
C
C
N
C
C
O
5
0 1 2
0 2 1
0 5 1
1 3 1
2 4 2
#825
6
N
C
N
C
C
N
5
0 1 1
0 2 1
0 3 1
1 5 1
2 4 2
#826
6
C
C
C
C
N
O
5
0 1 1
0 4 2
0 5 1
1 2 1
2 3 1
#827
6
C
C
C
N
N
O
5
0 1 1
0 2 2
0 3 1
1 5 2
2 4 1
#828
6
C
C
C
N
N
N
5
0 1 1
0 2 2
0 3 1
1 5 2
2 4 1
#829
6
C
C
C
O
C
C
5
0 1 1
0 2 1
1 3 1
2 4 1
3 5 1
#830
6
C
C
C
C
N
O
5
0 1 1
0 2 1
0 5 2
1 3 2
1 4 1
#831
6
C
C
N
N
C
C
5
0 2 1
0 3 1
1 2 1
1 4 1
3 5 1
#832
6
C
C
N
N
C
N
5
0 2 1
0 3 1
1 2 1
1 4 1
3 5 1
#833
6
C
C
C
C
C
O
5
0 1 1
0 3 1
0 5 1
1 2 1
2 4 2
#834
6
C
C
C
N
C
S
5
0 1 1
0 3 1
1 4 2
2 3 1
2 5 2
#835
6
N
N
C
C
C
C
5
0 1 1
0 2 1
0 3 1
1 4 1
1 5 1
#836
6
C
C
O
C
N
O
5
0 1 1
0 2 1
0 4 1
1 5 1
2 3 1
#837
6
C
C
N
N
N
N
5
0 2 1
0 3 1
0 5 2
1 2 2
1 4 1
#838
6
C
C
C
C
N
O
5
0 1 1
0 2 1
0 4 1
1 3 1
1 5 1
#839
6
C
C
C
N
N
N
5
0 1 1
0 3 1
1 4 1
2 3 1
2 5 1
#840
6
C
C
C
N
N
O
5
0 1 1
0 3 1
1 4 1
2 3 1
2 5 1
#841
6
C
C
N
S
C
C
5
0 1 2
0 2 1
1 3 1
2 4 1
3 5 1
#842
6
C
C
N
N
C
C
5
0 2 1
0 3 2
1 3 1
1 5 2
2 4 1
#843
6
C
C
C
N
N
O
5
0 2 1
0 3 1
1 3 1
1 4 1
2 5 2
#844
6
C
C
N
N
C
N
5
0 2 1
0 3 2
1 3 1
1 5 2
2 4 1
#845
6
S
C
C
C
O
O
5
0 1 1
0 4 2
0 5 2
1 2 1
2 3 2
#846
6
C
C
C
O
C
N
5
0 1 1
0 3 1
1 5 1
2 3 1
2 4 1
#847
6
C
C
C
O
C
O
5
0 1 1
0 3 1
1 5 1
2 3 1
2 4 1
#848
6
C
C
N
O
C
C
5
0 1 1
0 2 1
1 3 1
2 4 1
3 5 1
#849
6
C
C
C
Br
C
C
5
0 1 1
0 2 2
0 3 1
1 5 2
2 4 1
#850
6
C
C
O
C
N
O
5
0 1 1
0 2 1
0 5 2
1 4 1
2 3 1
#851
6
S
C
C
C
O
O
5
0 1 1
0 2 1
0 4 2
0 5 2
1 3 2
#852
6
C
C
C
O
C
O
5
0 1 1
0 3 1
1 4 1
2 3 1
2 5 1
#853
6
C
C
C
O
C
C
5
0 1 1
0 3 1
1 4 1
2 3 1
2 5 1
#854
6
C
C
N
C
N
O
5
0 2 1
0 3 1
0 4 2
1 2 1
1 5 2
#855
6
C
C
N
C
N
N
5
0 2 1
0 3 1
0 4 2
1 2 1
1 5 2
#856
6
N
S
C
C
O
O
5
0 1 1
0 2 1
0 3 1
1 4 2
1 5 2
#857
6
C
C
C
C
C
N
5
0 1 1
0 3 1
0 4 2
1 2 1
2 5 2
#858
6
C
C
C
S
C
C
5
0 1 1
0 3 1
1 4 1
2 3 1
2 5 2
#859
6
C
C
C
O
C
N
5
0 1 1
0 3 1
1 4 1
2 3 1
2 5 1
#860
6
C
O
O
P
C
C
5
0 1 1
0 4 1
1 3 1
2 3 1
2 5 1
#861
6
C
C
C
S
C
N
5
0 1 1
0 3 1
1 4 1
2 3 1
2 5 2
#862
6
C
C
O
C
C
C
5
0 1 1
0 2 1
0 3 1
1 5 2
2 4 1
#863
6
C
C
C
S
N
O
5
0 2 1
0 3 1
1 3 1
1 4 1
2 5 2
#864
6
C
C
O
C
C
O
5
0 1 1
0 2 1
0 3 1
1 5 2
2 4 1
#865
6
C
C
C
N
C
C
5
0 1 1
0 2 2
1 3 2
2 4 1
3 5 1
#866
6
C
C
C
C
C
C
5
0 1 1
0 3 1
0 4 2
1 2 1
2 5 2
#867
6
C
C
C
C
C
O
5
0 1 1
0 3 1
0 4 2
1 2 1
2 5 2
#868
6
C
C
N
C
O
S
5
0 1 1
0 2 1
0 4 2
1 5 1
2 3 1
#869
6
C
C
C
C
O
O
5
0 1 1
0 3 1
0 4 1
1 2 2
2 5 1
#870
6
C
C
C
N
C
O
5
0 1 1
0 2 2
1 3 2
2 4 1
3 5 1
#871
6
C
C
C
N
C
N
5
0 1 1
0 2 2
1 3 2
2 4 1
3 5 1
#872
6
C
C
S
C
C
O
5
0 1 2
0 2 1
0 3 1
1 4 1
2 5 2
#873
6
C
C
C
O
O
O
5
0 1 1
0 2 1
0 3 1
1 4 1
1 5 2
#874
6
C
C
N
N
N
O
5
0 2 1
0 4 1
1 3 1
1 5 2
2 3 1
#875
6
C
C
N
N
C
C
5
0 1 1
0 4 1
1 3 2
2 3 1
2 5 1
#876
6
C
C
O
C
C
N
5
0 1 1
0 2 1
0 5 1
1 3 1
2 4 1
#877
6
C
C
O
C
C
O
5
0 1 1
0 2 1
0 5 1
1 3 1
2 4 1
#878
6
C
C
N
C
C
N
5
0 1 1
0 2 2
0 5 1
1 3 1
2 4 1
#879
6
C
C
N
C
C
O
5
0 1 1
0 2 2
0 5 1
1 3 1
2 4 1
#880
6
C
C
C
C
O
O
5
0 1 1
0 2 1
0 3 2
1 4 1
1 5 2
#881
6
C
C
C
C
C
N
5
0 1 1
0 2 1
0 3 1
1 4 1
1 5 2
#882
6
C
C
C
C
C
O
5
0 1 1
0 2 1
0 3 1
1 4 1
1 5 2
#883
6
C
C
C
C
C
C
5
0 1 1
0 2 1
0 3 1
1 4 1
1 5 2
#884
6
C
C
C
C
N
N
5
0 1 1
0 2 2
0 4 1
1 3 1
2 5 1
#885
6
C
C
C
C
N
O
5
0 1 1
0 4 1
0 5 2
1 2 1
2 3 1
#886
6
C
C
C
C
N
N
5
0 1 1
0 4 1
0 5 2
1 2 1
2 3 1
#887
6
C
C
C
O
O
O
5
0 1 1
0 3 1
0 4 2
1 2 1
2 5 2
#888
6
C
C
N
N
C
C
5
0 3 1
0 4 1
1 2 1
1 3 2
2 5 1
#889
6
C
C
C
N
C
N
5
0 3 1
0 4 1
1 2 1
1 3 2
2 5 2
#890
6
C
C
C
O
C
C
5
0 1 1
0 4 1
1 2 2
2 3 1
3 5 1
#891
6
N
C
C
C
O
O
5
0 1 1
0 4 1
0 5 2
1 2 2
2 3 1
#892
6
C
C
C
N
O
O
5
0 1 1
0 4 1
0 5 2
1 2 2
2 3 1
#893
6
C
C
S
C
N
N
5
0 2 1
0 4 1
0 5 2
1 2 1
1 3 2
#894
6
C
C
C
C
O
O
5
0 1 1
0 2 1
1 4 1
2 3 2
3 5 1
#895
6
C
C
C
N
C
C
5
0 3 1
0 4 1
1 2 1
1 3 2
2 5 2
#896
6
C
C
C
S
C
O
5
0 1 1
0 3 1
1 5 2
2 3 1
2 4 2
#897
6
C
C
C
N
C
S
5
0 1 1
0 2 1
1 3 1
2 5 1
3 4 1
#898
6
S
C
C
O
O
O
5
0 1 1
0 3 1
0 4 2
0 5 2
1 2 2
#899
6
C
C
O
C
C
N
5
0 1 1
0 3 1
0 5 2
1 2 1
2 4 1
#900
6
C
C
O
C
C
O
5
0 1 1
0 3 1
0 5 2
1 2 1
2 4 1
#901
6
C
C
O
C
C
C
5
0 1 1
0 3 1
0 5 2
1 2 1
2 4 1
#902
6
N
C
C
C
C
N
5
0 1 1
0 3 1
0 4 1
1 2 1
2 5 2
#903
6
N
C
C
C
C
C
5
0 1 1
0 3 1
0 4 1
1 2 1
2 5 2
#904
6
N
C
C
C
C
O
5
0 1 1
0 3 1
0 4 1
1 2 1
2 5 2
#905
6
C
C
N
C
N
O
5
0 2 1
0 3 1
0 5 2
1 2 1
1 4 2
#906
6
N
C
N
C
C
N
5
0 1 1
0 3 1
0 4 1
1 2 1
2 5 1
#907
6
N
C
N
C
C
C
5
0 1 1
0 3 1
0 4 1
1 2 1
2 5 1
#908
6
C
C
C
C
N
S
5
0 1 1
0 2 2
0 4 1
1 3 2
1 5 1
#909
6
C
C
C
N
C
C
5
0 1 1
0 2 1
1 4 1
2 3 2
3 5 1
#910
6
C
C
N
N
C
N
5
0 3 1
0 4 1
1 2 1
1 3 2
2 5 1
#911
6
C
C
C
C
N
O
5
0 1 1
0 2 2
0 4 1
1 3 2
1 5 1
#912
6
C
C
C
C
N
N
5
0 1 1
0 2 2
0 4 1
1 3 2
1 5 1
#913
6
C
C
C
C
O
O
5
0 1 1
0 2 1
0 3 1
0 4 1
1 5 1
#914
6
C
C
C
N
C
C
5
0 1 1
0 3 1
1 2 2
2 4 1
3 5 1
#915
6
C
C
C
N
N
O
5
0 1 1
0 4 1
1 2 2
2 3 1
3 5 2
#916
6
C
C
C
N
C
N
5
0 1 1
0 3 1
1 2 2
2 4 1
3 5 1
#917
6
C
C
C
N
C
O
5
0 1 1
0 3 1
1 2 2
2 4 1
3 5 1
#918
6
C
C
C
N
C
N
5
0 1 1
0 2 1
1 4 1
2 3 2
3 5 1
#919
6
C
C
C
N
C
O
5
0 1 1
0 2 1
1 4 1
2 3 2
3 5 1
#920
6
C
C
N
C
C
S
5
0 2 2
0 3 1
0 5 1
1 2 1
1 4 2
#921
6
C
C
N
C
C
O
5
0 2 2
0 3 1
0 5 1
1 2 1
1 4 2
#922
6
C
C
N
C
C
N
5
0 2 2
0 3 1
0 5 1
1 2 1
1 4 2
#923
6
C
C
C
N
C
N
5
0 2 1
0 4 1
1 3 1
1 5 1
2 3 2
#924
6
C
C
C
N
C
C
5
0 2 1
0 4 1
1 3 1
1 5 1
2 3 2
#925
6
C
C
C
N
C
S
5
0 1 1
0 3 1
1 2 2
2 4 1
3 5 1
#926
6
C
C
C
C
C
O
5
0 1 1
0 3 1
0 5 2
1 2 2
2 4 1
#927
6
C
C
C
C
C
N
5
0 1 1
0 3 1
0 5 2
1 2 2
2 4 1
#928
6
C
C
C
C
N
N
5
0 1 2
0 4 1
0 5 1
1 2 1
2 3 2
#929
6
C
S
C
C
O
O
5
0 1 1
0 2 1
0 3 2
1 4 2
1 5 2
#930
6
C
C
O
C
C
N
5
0 1 2
0 2 1
0 3 1
1 5 1
2 4 1
#931
6
C
C
C
C
C
N
5
0 1 1
0 2 2
0 3 1
1 4 2
2 5 1
#932
6
C
C
C
C
C
O
5
0 1 1
0 2 2
0 3 1
1 4 2
2 5 1
#933
6
C
C
C
C
C
Cl
5
0 1 1
0 2 2
0 3 1
1 4 2
2 5 1
#934
6
C
C
N
C
N
N
5
0 1 2
0 3 1
0 4 1
1 2 1
2 5 1
#935
6
C
C
C
S
C
O
5
0 1 1
0 2 2
1 4 2
2 3 1
3 5 1
#936
6
S
C
C
N
O
O
5
0 1 1
0 3 1
0 4 2
0 5 2
1 2 1
#937
6
C
C
O
C
C
O
5
0 1 2
0 2 1
0 3 1
1 5 1
2 4 1
#938
6
C
C
N
N
C
N
5
0 1 1
0 2 1
1 5 1
2 3 1
3 4 1
#939
6
C
C
N
N
C
O
5
0 1 1
0 3 2
1 5 2
2 3 1
2 4 1
#940
6
C
C
C
S
C
N
5
0 1 1
0 3 1
1 5 1
2 3 1
2 4 1
#941
6
C
C
C
P
C
C
5
0 1 1
0 3 1
1 4 2
2 3 1
2 5 2
#942
6
N
C
N
C
C
C
5
0 2 1
0 3 1
0 4 1
1 2 1
1 5 1
#943
6
C
C
N
C
N
N
5
0 2 2
0 4 1
0 5 1
1 2 1
1 3 1
#944
6
C
C
C
C
O
O
5
0 1 1
0 2 1
0 4 1
1 3 1
2 5 2
#945
6
N
S
C
C
C
O
5
0 1 1
0 2 1
0 3 1
1 4 1
1 5 2
#946
6
C
C
C
N
C
O
5
0 1 1
0 2 1
1 3 1
2 5 1
3 4 1
#947
6
C
C
C
N
C
N
5
0 1 1
0 2 1
1 3 1
2 5 1
3 4 1
#948
6
C
C
C
C
C
N
5
0 1 1
0 2 2
0 5 1
1 3 1
2 4 1
#949
6
C
C
C
S
C
N
5
0 1 1
0 2 2
1 4 2
2 3 1
3 5 1
#950
6
C
C
N
C
N
S
5
0 2 2
0 4 1
0 5 1
1 2 1
1 3 1
#951
6
C
C
C
C
C
N
5
0 1 1
0 2 1
0 4 2
1 3 1
2 5 2
#952
6
C
C
C
C
C
O
5
0 1 1
0 2 1
0 4 2
1 3 1
2 5 2
#953
6
C
C
C
C
C
O
5
0 1 1
0 2 2
0 5 1
1 3 1
2 4 1
#954
6
C
C
C
C
C
S
5
0 1 1
0 2 2
0 5 1
1 3 1
2 4 1
#955
6
C
N
N
C
C
C
5
0 1 1
0 2 2
0 3 1
1 4 1
2 5 1
#956
6
C
N
N
C
C
N
5
0 1 1
0 2 2
0 3 1
1 4 1
2 5 1
#957
6
C
C
N
N
C
C
5
0 1 1
0 3 2
1 5 2
2 3 1
2 4 1
#958
6
C
O
O
C
C
C
5
0 1 1
0 2 1
0 3 1
1 4 1
2 5 1
#959
6
C
N
C
C
O
O
5
0 1 1
0 2 1
0 3 2
1 4 1
1 5 2
#960
6
C
C
C
C
N
N
5
0 1 1
0 2 1
0 3 2
1 4 1
2 5 3
#961
6
C
C
C
C
C
Cl
5
0 1 1
0 2 2
0 5 1
1 3 1
2 4 1
#962
6
C
C
C
N
C
N
5
0 1 1
0 2 2
1 3 2
2 5 1
3 4 1
#963
6
C
C
C
N
C
O
5
0 1 1
0 2 2
1 3 2
2 5 1
3 4 1
#964
6
C
C
N
C
C
N
5
0 1 2
0 3 1
0 5 1
1 2 1
2 4 2
#965
6
C
C
N
C
O
O
5
0 2 1
0 4 1
0 5 2
1 2 1
1 3 1
#966
6
C
C
C
C
C
C
5
0 1 1
0 2 1
0 4 2
1 3 1
2 5 2
#967
6
C
C
C
C
C
C
5
0 1 2
0 2 1
1 3 1
2 4 2
3 5 2
#968
6
C
C
N
C
C
S
5
0 1 2
0 3 1
0 5 1
1 2 1
2 4 2
#969
6
C
C
C
C
C
N
5
0 1 2
0 2 1
1 3 1
2 4 2
3 5 2
#970
6
C
C
C
C
C
O
5
0 1 2
0 2 1
1 3 1
2 4 2
3 5 2
#971
6
C
C
C
C
C
F
5
0 1 1
0 2 1
1 5 1
2 3 2
3 4 1
#972
6
C
C
C
C
C
O
5
0 1 1
0 2 1
1 5 1
2 3 2
3 4 1
#973
6
C
C
C
C
C
N
5
0 1 1
0 2 1
1 5 1
2 3 2
3 4 1
#974
6
C
C
C
C
C
S
5
0 1 1
0 2 1
1 5 1
2 3 2
3 4 1
#975
6
C
C
C
C
N
N
5
0 1 1
0 2 1
0 4 2
1 3 2
2 5 2
#976
6
C
C
C
C
C
C
5
0 1 1
0 2 1
0 3 1
1 4 1
1 5 1
#977
6
C
C
N
N
C
C
5
0 2 1
0 3 1
1 2 1
1 5 2
3 4 1
#978
6
C
C
C
O
O
O
5
0 1 1
0 3 1
0 5 2
1 2 2
2 4 1
#979
6
N
C
C
C
O
O
5
0 1 1
0 2 1
0 3 1
1 4 2
2 5 2
#980
6
C
C
N
N
N
O
5
0 1 1
0 2 1
0 5 2
1 3 1
2 4 1
#981
6
C
C
C
C
N
O
5
0 1 1
0 2 1
0 3 1
1 4 1
2 5 2
#982
6
C
C
N
N
C
N
5
0 2 1
0 3 1
1 2 1
1 5 2
3 4 1
#983
6
C
C
N
N
C
O
5
0 2 1
0 3 1
1 2 1
1 5 2
3 4 1
#984
6
C
C
C
C
C
N
5
0 1 1
0 2 1
0 3 1
1 4 1
1 5 1
#985
6
C
C
C
C
C
O
5
0 1 1
0 2 1
0 3 1
1 4 1
1 5 1
#986
6
C
N
N
C
N
S
5
0 1 1
0 4 1
0 5 2
1 2 1
2 3 2
#987
6
C
C
C
C
C
O
5
0 1 1
0 2 1
0 5 2
1 3 1
2 4 2
#988
6
N
C
C
C
C
N
5
0 1 1
0 2 1
0 5 1
1 3 1
2 4 2
#989
6
C
C
C
C
C
C
5
0 1 1
0 3 1
0 5 2
1 2 2
2 4 1
#990
6
C
C
C
C
C
N
5
0 1 1
0 2 1
0 5 2
1 3 1
2 4 2
#991
6
C
C
N
C
C
C
5
0 1 1
0 2 1
0 4 2
1 3 1
2 5 2
#992
6
C
C
N
C
O
O
5
0 2 1
0 3 1
0 4 1
1 2 1
1 5 2
#993
6
C
C
S
C
N
N
5
0 2 1
0 4 1
0 5 2
1 2 1
1 3 1
#994
6
C
C
C
C
N
O
5
0 1 1
0 3 1
0 5 2
1 2 1
2 4 1
#995
6
C
C
C
S
C
N
5
0 2 2
0 3 1
1 3 1
1 5 2
2 4 1
#996
6
C
C
C
C
F
F
5
0 1 1
0 4 1
0 5 1
1 2 1
2 3 2
#997
6
C
C
C
C
C
N
5
0 2 2
0 3 1
0 4 1
1 2 1
1 5 1
#998
6
C
C
C
C
N
N
5
0 1 1
0 3 1
0 5 2
1 2 1
2 4 1
#999
6
C
C
C
C
C
Cl
5
0 2 2
0 3 1
0 4 1
1 2 1
1 5 1
#1000
6
C
C
C
C
C
O
5
0 2 2
0 3 1
0 4 1
1 2 1
1 5 1
